project_id	size_wpred	size_source
mm.domus.NW158	medium	domus
mm.misc.054	unknown_sz	NA
mm.fcm.158	unknown_sz	NA
mm.misc.070	unknown_sz	NA
mm.domus.SE321	large	domus
mm.hha.194	unknown_sz	NA
mm.misc.059	unknown_sz	NA
mm.misc.060	unknown_sz	NA
mm.domus.SE130	large	domus
mm.domus.NW184	unknown_sz	NA
mm.musa.166	unknown_sz	NA
mm.domus.NW186	unknown_sz	NA
mm.fcm.197	unknown_sz	NA
mm.aim.0478	small	aim_size_designation
mm.aim.0484	small	aim_size_designation
mm.aim82NM.091	unknown_sz	NA
mm.domus.NW157	medium	domus
mm.musa.182	unknown_sz	NA
mm.aim82M.029	unknown_sz	NA
mm.domus.NW185	unknown_sz	NA
mm.fcm.145	unknown_sz	NA
mm.domus.SE437	large	domus
mm.domus.SE438	medium	domus
mm.misc.053	unknown_sz	NA
mm.aim.0370	medium	ma(fam)
mm.musa.264	small	ma(fam)
mm.musa.151	small	ma(fam)
mm.domus.NW194	unknown_sz	NA
mm.domus.NW195	unknown_sz	NA
mm.domus.SE128	large	domus
mm.domus.SE436	medium	domus
mm.domus.SE571	unknown_sz	NA
mm.domus.SE132	small	domus
mm.aim82NM.050	unknown_sz	NA
mm.domus.NW155	large	domus
mm.MDN.012	unknown_sz	NA
mm.domus.NW156	medium	domus
mm.domus.SE127	medium	domus
mm.aim.1068	small	aim_size_designation
mm.fcm.045	medium	ma(fam)
mm.aim82M.028	unknown_sz	NA
mm.domus.SE176	small	domus
mm.domus.NE024	small	domus
mm.misc.092	large	mm_prediction_random_forest
mm.domus.NE080	large	ma(fam)
mm.ace.1224	small	aim_size_designation
mm.domus.NE079	large	ma(fam)
mm.domus.NE023	large	domus
mm.domus.NE015	small	domus
mm.ace.203	large	ma(fam)
mm.domus.NE014	medium	domus
mm.domus.NE019	medium	domus
mm.domus.NE018	medium	domus
mm.domus.NE013	large	domus
mm.domus.NE012	medium	domus
mm.domus.NE036	medium	domus
mm.domus.NE038	large	domus
mm.misc.098	medium	mm_prediction_random_forest
mm.domus.NE041	small	visitbritain
mm.musa.397	small	mm_prediction_random_forest
mm.domus.NE082	medium	visitbritain
mm.musa.387	small	mm_prediction_random_forest
mm.domus.NE049	small	visitbritain
mm.domus.NE008	large	domus
mm.domus.NE007	medium	domus
mm.domus.NE009	medium	domus
mm.aim82M.044	small	mm_prediction_random_forest
mm.domus.NE066	medium	visitbritain
mm.domus.NE067	medium	domus
mm.aim.1316	small	aim_size_designation
mm.ace.022	medium	ma(fam)
mm.domus.NW095	medium	domus
mm.aim.1295	small	aim_size_designation
mm.domus.NW055	small	domus
mm.ace.1244	small	mm
mm.domus.NW098	large	domus
mm.aim.0130	small	aim_size_designation
mm.aim.0778	medium	aim_size_designation
mm.aim.0568	small	aim_size_designation
mm.domus.NW044	medium	domus
mm.aim.0254	small	aim_size_designation
mm.domus.NW121	medium	domus
mm.domus.NW122	small	domus
mm.misc.195	small	mm_prediction_random_forest
mm.domus.NW054	medium	domus
mm.wiki.238	small	mm_prediction_random_forest
mm.domus.NW039	medium	domus
mm.domus.YH136	large	domus
mm.domus.YH106	small	mm
mm.domus.YH138	medium	domus
mm.wiki.097	small	visitbritain
mm.domus.YH140	medium	domus
mm.wiki.102	small	mm_prediction_random_forest
mm.domus.YH135	medium	domus
mm.domus.YH137	medium	domus
mm.domus.YH134	large	domus
mm.domus.YH133	large	visitbritain
mm.domus.YH082	small	domus
mm.ace.1118	small	ma(fam)
mm.domus.YH092	small	domus
mm.hha.120	large	ma(fam)
mm.domus.YH163	small	mm_prediction_random_forest
mm.wiki.105	small	mm_prediction_random_forest
mm.wiki.103	medium	mm_prediction_random_forest
mm.domus.YH063	small	domus
mm.wiki.101	small	mm_prediction_random_forest
mm.aim82NM.010	small	mm_prediction_random_forest
mm.musa.036	small	visitbritain
mm.misc.162	small	mm_prediction_random_forest
mm.domus.YH083	large	domus
mm.misc.099	medium	mm_prediction_random_forest
mm.wiki.098	small	mm_prediction_random_forest
mm.wiki.104	small	mm_prediction_random_forest
mm.domus.YH071	small	domus
mm.MDN.006	small	mm_prediction_random_forest
mm.aim82NM.103	small	mm_prediction_random_forest
mm.domus.YH046	small	domus
mm.wiki.100	small	mm_prediction_random_forest
mm.domus.YH169	small	ma(fam)
mm.hha.127	small	mm_prediction_random_forest
mm.domus.YH168	medium	ma(fam)
mm.domus.YH148	medium	domus
mm.domus.YH058	small	domus
mm.ace.1221	small	aim_size_designation
mm.domus.YH162	small	mm_prediction_random_forest
mm.Mus70Cal.011	small	mm_prediction_random_forest
mm.ace.1140	small	ma(fam)
mm.domus.YH161	large	ma(fam)
mm.ace.1253	large	visitbritain
mm.wiki.264	small	mm_prediction_random_forest
mm.wiki.259	small	mm_prediction_random_forest
mm.ace.1271	medium	ace_size_designation
mm.hha.093	small	mm_prediction_random_forest
mm.ace.1141	small	aim_size_designation
mm.domus.YH033	medium	domus
mm.domus.YH077	medium	domus
mm.ace.1114	small	aim_size_designation
mm.domus.YH079	large	domus
mm.domus.YH094	large	domus
mm.domus.YH002	medium	domus
mm.musa.228	medium	mm_prediction_random_forest
mm.domus.YH155	large	visitbritain
mm.domus.YH048	large	domus
mm.MDN.009	medium	mm_prediction_random_forest
mm.MDN.008	large	mm_prediction_random_forest
mm.domus.YH145	large	visitbritain
mm.domus.YH064	medium	domus
mm.ace.023	medium	visitbritain
mm.domus.YH074	medium	domus
mm.domus.YH103	medium	ma(fam)
mm.wiki.305	large	mm_prediction_random_forest
mm.domus.YH029	large	domus
mm.domus.YH069	small	domus
mm.domus.YH030	medium	domus
mm.ace.164	large	ma(fam)
mm.domus.YH095	medium	domus
mm.domus.YH096	large	domus
mm.domus.YH102	large	ma(fam)
mm.domus.YH150	small	mm_prediction_random_forest
mm.aim.0774	small	aim_size_designation
mm.domus.YH031	medium	domus
mm.wiki.306	medium	visitbritain
mm.aim82NM.101	small	mm_prediction_random_forest
mm.aim.0058	small	visitbritain
mm.domus.EM048	large	domus
mm.aim.0691	small	aim_size_designation
mm.domus.EM034	large	domus
mm.ace.1152	small	aim_size_designation
mm.wiki.070	small	mm_prediction_random_forest
mm.domus.EM035	medium	domus
mm.fcm.078	small	mm_prediction_random_forest
mm.domus.EM036	medium	domus
mm.Mus70Cal.014	medium	mm_prediction_random_forest
mm.domus.EM067	large	domus
mm.domus.EM064	medium	domus
mm.domus.EM105	large	ace_size_designation
mm.wiki.253	small	ma(fam)
mm.domus.EM066	medium	domus
mm.misc.104	small	mm_prediction_random_forest
mm.musa.252	large	ma(fam)
mm.domus.EM068	small	domus
mm.domus.EM112	small	aim_size_designation
mm.domus.EM063	medium	domus
mm.wiki.249	small	mm_prediction_random_forest
mm.domus.EM069	medium	domus
mm.domus.EM065	medium	domus
mm.wiki.316	small	mm_prediction_random_forest
mm.domus.EM071	medium	domus
mm.domus.EM072	medium	domus
mm.domus.EM045	small	domus
mm.misc.015	small	mm_prediction_random_forest
mm.ace.1237	small	aim_size_designation
mm.domus.EM016	large	domus
mm.domus.EM078	medium	domus
mm.wiki.409	small	mm_prediction_random_forest
mm.aim.1318	small	ma(fam)
mm.domus.EM019	large	domus
mm.domus.EM057	large	domus
mm.fcm.051	small	mm_prediction_random_forest
mm.domus.EM021	medium	domus
mm.domus.EM017	large	domus
mm.domus.EM023	medium	domus
mm.aim82NM.072	small	mm_prediction_random_forest
mm.domus.EM020	medium	domus
mm.Mus70Cal.024	medium	mm_prediction_random_forest
mm.domus.EM060	small	domus
mm.domus.EM018	large	domus
mm.wiki.202	medium	visitbritain
mm.aim82NM.024	small	mm_prediction_random_forest
mm.ace.1186	small	mm_prediction_random_forest
mm.domus.WM097	small	domus
mm.wiki.204	small	mm_prediction_random_forest
mm.ace.1091	large	visitbritain
mm.ace.1085	large	visitbritain
mm.aim.0784	small	aim_size_designation
mm.musa.366	small	mm_prediction_random_forest
mm.wiki.203	small	mm_prediction_random_forest
mm.domus.WM110	medium	domus
mm.musa.323	small	mm_prediction_random_forest
mm.musa.217	small	mm_prediction_random_forest
mm.domus.WM093	small	domus
mm.domus.WM074	medium	domus
mm.domus.WM144	small	aim_size_designation
mm.ace.1089	large	visitbritain
mm.wiki.201	small	mm_prediction_random_forest
mm.domus.WM071	small	domus
mm.hha.105	small	visitbritain
mm.domus.WM109	medium	mm_prediction_random_forest
mm.domus.WM108	large	ace_size_designation
mm.domus.WM129	medium	domus
mm.domus.WM124	large	domus
mm.misc.107	small	mm_prediction_random_forest
mm.ace.1122	medium	visitbritain
mm.domus.WM126	large	domus
mm.ace.019	large	mm
mm.domus.WM127	medium	domus
mm.misc.110	small	mm_prediction_random_forest
mm.misc.108	small	mm_prediction_random_forest
mm.domus.WM125	medium	domus
mm.misc.109	small	mm_prediction_random_forest
mm.domus.WM062	medium	domus
mm.aim.1040	small	aim_size_designation
mm.aim82NM.075	small	mm_prediction_random_forest
mm.MDN.029	small	mm_prediction_random_forest
mm.aim.0606	medium	aim_size_designation
mm.misc.031	small	mm_prediction_random_forest
mm.domus.WM060	large	domus
mm.domus.WM061	small	domus
mm.wiki.344	small	mm_prediction_random_forest
mm.domus.WM075	large	domus
mm.domus.WM054	medium	domus
mm.aim82M.010	medium	mm_prediction_random_forest
mm.domus.WM092	small	domus
mm.wiki.342	small	mm_prediction_random_forest
mm.misc.051	small	mm_prediction_random_forest
mm.domus.SW052	large	domus
mm.domus.SW177	small	visitbritain
mm.domus.SW175	small	domus
mm.musa.298	large	ma(fam)
mm.domus.SW096	medium	domus
mm.domus.SW099	small	domus
mm.domus.SW174	small	mm_prediction_random_forest
mm.domus.SW031	medium	domus
mm.domus.SW049	large	domus
mm.aim82NM.077	small	mm_prediction_random_forest
mm.aim82NM.021	small	mm_prediction_random_forest
mm.domus.SW107	medium	visitbritain
mm.domus.SW082	medium	domus
mm.domus.SW095	small	domus
mm.aim82NM.016	small	mm_prediction_random_forest
mm.wiki.330	small	mm_prediction_random_forest
mm.aim82NM.025	small	mm_prediction_random_forest
mm.domus.SW162	small	domus
mm.domus.SW192	medium	domus
mm.domus.SW050	large	domus
mm.domus.SW005	small	domus
mm.aim.0220	small	aim_size_designation
mm.domus.SW004	small	domus
mm.aim82NM.108	small	mm_prediction_random_forest
mm.domus.SW127	large	domus
mm.domus.SW010	medium	ma(fam)
mm.aim.0378	small	aim_size_designation
mm.domus.SW144	small	mm_prediction_random_forest
mm.domus.SW008	large	domus
mm.domus.SW011	medium	domus
mm.domus.SW009	large	domus
mm.aim.1267	small	aim_size_designation
mm.fcm.114	large	mm_prediction_random_forest
mm.ace.1097	medium	mm
mm.hud.025	medium	mm_prediction_random_forest
mm.aim82NM.085	small	mm_prediction_random_forest
mm.wiki.009	small	mm_prediction_random_forest
mm.domus.SW043	small	domus
mm.ace.1256	large	ma(fam)
mm.hud.024	small	mm_prediction_random_forest
mm.domus.SW007	large	domus
mm.ace.1165	medium	mm
mm.domus.SW012	medium	domus
mm.domus.SW143	small	domus
mm.aim82NM.112	small	mm_prediction_random_forest
mm.domus.SW160	medium	visitbritain
mm.wiki.328	large	mm_prediction_random_forest
mm.domus.SW121	large	domus
mm.ace.1099	medium	visitbritain
mm.aim82M.068	small	mm_prediction_random_forest
mm.aim.0713	small	aim_size_designation
mm.wiki.325	small	mm_prediction_random_forest
mm.aim82M.063	large	mm_prediction_random_forest
mm.aim82NM.041	small	mm_prediction_random_forest
mm.domus.SW211	large	visitbritain
mm.musa.394	medium	ma(fam)
mm.aim.0126	small	aim_size_designation
mm.aim82NM.031	small	mm_prediction_random_forest
mm.aim.0044	medium	visitbritain
mm.misc.182	small	mm_prediction_random_forest
mm.ace.1124	small	mm_prediction_random_forest
mm.domus.SW136	small	visitbritain
mm.hha.051	small	mm_prediction_random_forest
mm.aim.0516	small	aim_size_designation
mm.domus.SW226	large	ace_size_designation
mm.domus.SW025	small	visitbritain
mm.domus.SW024	large	domus
mm.domus.SW241	large	visitbritain
mm.aim.0358	small	aim_size_designation
mm.domus.SW139	medium	domus
mm.wiki.078	small	mm_prediction_random_forest
mm.hud.026	small	mm_prediction_random_forest
mm.wiki.083	small	mm_prediction_random_forest
mm.domus.SW138	medium	domus
mm.aim82M.046	small	mm_prediction_random_forest
mm.wiki.503	small	mm_prediction_random_forest
mm.misc.176	medium	mm_prediction_random_forest
mm.domus.SW006	small	domus
mm.hud.021	small	mm_prediction_random_forest
mm.misc.071	medium	mm_prediction_random_forest
mm.domus.SW110	large	domus
mm.aim82NM.015	small	mm_prediction_random_forest
mm.ace.1282	small	ma(fam)
mm.domus.SW100	large	visitbritain
mm.domus.SW245	medium	ace_size_designation
mm.domus.SW101	medium	ma(fam)
mm.domus.SW109	small	mm_prediction_random_forest
mm.domus.SW070	medium	domus
mm.domus.SW071	medium	domus
mm.domus.SW072	small	domus
mm.domus.SW073	medium	mm_prediction_random_forest
mm.wiki.397	small	visitbritain
mm.domus.SW074	medium	domus
mm.domus.SW069	medium	domus
mm.aim82NM.017	small	mm_prediction_random_forest
mm.musa.295	small	mm_prediction_random_forest
mm.ace.1248	small	mm
mm.domus.SE224	large	domus
mm.domus.SE369	small	domus
mm.aim.0490	small	aim_size_designation
mm.domus.SE428	small	domus
mm.domus.SE131	medium	domus
mm.aim.0342	small	aim_size_designation
mm.domus.SE330	large	domus
mm.domus.SE356	large	domus
mm.domus.SE339	large	domus
mm.wiki.002	small	mm_prediction_random_forest
mm.domus.SE492	small	domus
mm.musa.195	small	mm_prediction_random_forest
mm.domus.SE195	medium	domus
mm.domus.SE246	medium	domus
mm.domus.SE247	medium	domus
mm.domus.SE196	medium	domus
mm.wiki.140	small	mm_prediction_random_forest
mm.musa.369	small	mm_prediction_random_forest
mm.ace.1250	small	visitbritain
mm.domus.SE368	medium	domus
mm.wiki.137	small	mm_prediction_random_forest
mm.musa.350	medium	visitbritain
mm.domus.SE485	large	domus
mm.aim.0598	small	aim_size_designation
mm.aim.0351	small	aim_size_designation
mm.domus.SE285	large	domus
mm.aim.0459	small	aim_size_designation
mm.hha.015	small	mm_prediction_random_forest
mm.wiki.222	small	mm_prediction_random_forest
mm.aim82NM.079	small	mm_prediction_random_forest
mm.domus.SE158	medium	domus
mm.musa.271	small	visitbritain
mm.domus.SE312	large	domus
mm.musa.293	small	ma(fam)
mm.domus.SE518	large	visitbritain
mm.domus.SE371	small	domus
mm.domus.SE084	medium	domus
mm.hha.004	medium	mm_prediction_random_forest
mm.aim.0127	small	aim_size_designation
mm.misc.135	small	mm_prediction_random_forest
mm.ace.569	medium	ma(fam)
mm.domus.SE094	large	domus
mm.domus.SE097	medium	domus
mm.ace.1116	small	aim_size_designation
mm.domus.SE345	small	domus
mm.ace.1215	small	aim_size_designation
mm.domus.SE466	medium	domus
mm.misc.005	small	mm_prediction_random_forest
mm.aim82NM.095	small	mm_prediction_random_forest
mm.domus.SE359	medium	domus
mm.domus.SE194	small	domus
mm.misc.056	small	mm_prediction_random_forest
mm.domus.SE156	small	domus
mm.wiki.008	small	mm_prediction_random_forest
mm.misc.057	small	ma(fam)
mm.ace.1214	medium	mm
mm.domus.SE391	medium	domus
mm.aim.1119	small	ma(fam)
mm.ace.1102	small	aim_size_designation
mm.musa.042	small	mm_prediction_random_forest
mm.aim.0677	small	aim_size_designation
mm.aim.1082	small	aim_size_designation
mm.domus.SE240	small	domus
mm.misc.007	small	mm_prediction_random_forest
mm.musa.263	small	mm_prediction_random_forest
mm.domus.SE036	medium	visitbritain
mm.ace.1278	large	visitbritain
mm.aim.0781	small	aim_size_designation
mm.wiki.112	small	mm_prediction_random_forest
mm.domus.SE213	large	domus
mm.misc.192	small	mm_prediction_random_forest
mm.domus.SE212	medium	domus
mm.domus.SE581	large	aim_size_designation
mm.wiki.109	small	mm_prediction_random_forest
mm.domus.SE210	medium	domus
mm.wiki.117	small	mm_prediction_random_forest
mm.musa.377	small	ma(fam)
mm.aim82M.036	small	mm_prediction_random_forest
mm.domus.SE307	medium	domus
mm.wiki.114	small	mm_prediction_random_forest
mm.ace.1213	small	ma(fam)
mm.aim82NM.039	small	mm_prediction_random_forest
mm.domus.SE211	large	domus
mm.wiki.115	small	mm_prediction_random_forest
mm.misc.045	small	mm_prediction_random_forest
mm.domus.SE598	small	mm_prediction_random_forest
mm.domus.SE141	small	domus
mm.domus.SE140	large	domus
mm.domus.SE453	medium	domus
mm.domus.SE270	small	domus
mm.domus.SE343	medium	domus
mm.domus.SE337	large	domus
mm.domus.SE231	medium	domus
mm.domus.SE241	large	domus
mm.wiki.193	small	mm_prediction_random_forest
mm.ace.1223	large	mm
mm.domus.SE230	small	domus
mm.domus.SE351	large	domus
mm.aim.1346	small	aim_size_designation
mm.musa.050	small	mm_prediction_random_forest
mm.misc.087	small	mm_prediction_random_forest
mm.domus.SE452	medium	domus
mm.ace.1261	large	visitbritain
mm.domus.SE277	medium	domus
mm.domus.SE046	small	domus
mm.musa.140	small	mm_prediction_random_forest
mm.Mus70Cal.028	small	mm_prediction_random_forest
mm.domus.SE278	medium	domus
mm.domus.SE279	large	domus
mm.domus.SE276	small	domus
mm.aim.0440	small	aim_size_designation
mm.domus.SE229	large	domus
mm.aim82M.051	small	mm_prediction_random_forest
mm.domus.SE315	large	domus
mm.musa.254	large	visitbritain
mm.domus.SE551	small	visitbritain
mm.aim82M.066	small	mm_prediction_random_forest
mm.hud.007	small	mm_prediction_random_forest
mm.ace.1115	large	visitbritain
mm.wiki.217	small	mm_prediction_random_forest
mm.wiki.211	small	visitbritain
mm.aim.0951	small	aim_size_designation
mm.ace.1234	small	mm
mm.musa.308	small	mm_prediction_random_forest
mm.wiki.215	small	mm_prediction_random_forest
mm.domus.SE468	small	domus
mm.wiki.218	small	mm_prediction_random_forest
mm.hud.014	medium	mm_prediction_random_forest
mm.wiki.501	small	mm_prediction_random_forest
mm.ace.1235	medium	ma(fam)
mm.domus.SE475	large	domus
mm.domus.SE398	small	domus
mm.aim.0262	small	aim_size_designation
mm.domus.SE580	medium	mm_prediction_random_forest
mm.misc.010	small	mm_prediction_random_forest
mm.musa.093	large	mm_prediction_random_forest
mm.aim.0077	small	aim_size_designation
mm.wiki.213	small	mm_prediction_random_forest
mm.fcm.150	small	mm_prediction_random_forest
mm.domus.SE185	large	domus
mm.wiki.212	small	mm_prediction_random_forest
mm.wiki.214	large	mm_prediction_random_forest
mm.musa.067	small	mm_prediction_random_forest
mm.musa.311	small	visitbritain
mm.aim82M.004	small	mm_prediction_random_forest
mm.domus.SE197	small	domus
mm.domus.SE184	small	domus
mm.musa.201	small	mm_prediction_random_forest
mm.domus.NE011	large	babbidge_ewles_&_smith._2006.
mm.domus.NE002	small	domus
mm.wiki.095	small	mm_prediction_random_forest
mm.wiki.096	small	mm_prediction_random_forest
mm.wiki.094	small	mm_prediction_random_forest
mm.domus.NE069	small	domus
mm.domus.NE052	medium	domus
mm.domus.NE053	small	domus
mm.hha.149	small	mm_prediction_random_forest
mm.domus.NE061	small	domus
mm.domus.NE022	medium	domus
mm.wiki.093	small	mm_prediction_random_forest
mm.hha.148	small	mm_prediction_random_forest
mm.ace.1195	large	visitbritain
mm.domus.NE054	medium	domus
mm.domus.NE004	large	domus
mm.ace.1182	medium	ma(fam)
mm.domus.NE020	small	domus
mm.domus.NE003	small	domus
mm.domus.NE065	small	domus
mm.domus.NW084	medium	domus
mm.fcm.072	small	mm_prediction_random_forest
mm.domus.NW143	small	domus
mm.domus.NW170	large	visitbritain
mm.hha.134	small	mm_prediction_random_forest
mm.domus.NW180	large	visitbritain
mm.domus.NW150	small	domus
mm.domus.NW083	medium	domus
mm.hha.132	small	mm_prediction_random_forest
mm.hha.131	small	mm_prediction_random_forest
mm.aim.0405	small	aim_size_designation
mm.misc.012	small	mm_prediction_random_forest
mm.hha.135	medium	visitbritain
mm.wiki.024	small	mm_prediction_random_forest
mm.domus.NW082	medium	domus
mm.wiki.020	small	visitbritain
mm.aim.0521	small	visitbritain
mm.hha.133	small	visitbritain
mm.domus.NW033	small	visitbritain
mm.ace.1093	large	visitbritain
mm.wiki.022	small	mm_prediction_random_forest
mm.hha.130	small	visitbritain
mm.aim.0981	small	aim_size_designation
mm.domus.NW027	large	domus
mm.domus.NW028	medium	domus
mm.wiki.021	small	mm_prediction_random_forest
mm.aim82M.007	small	mm_prediction_random_forest
mm.misc.019	small	mm_prediction_random_forest
mm.domus.NW127	small	domus
mm.domus.NW026	medium	domus
mm.domus.NW167	small	domus
mm.wiki.025	small	mm_prediction_random_forest
mm.aim82NM.036	small	mm_prediction_random_forest
mm.domus.NW067	medium	domus
mm.misc.046	small	mm_prediction_random_forest
mm.domus.NW060	large	domus
mm.misc.170	medium	mm_prediction_random_forest
mm.ace.1109	large	visitbritain
mm.domus.NW068	small	domus
mm.domus.NW125	large	domus
mm.domus.NW128	small	domus
mm.wiki.026	small	mm_prediction_random_forest
mm.wiki.023	small	mm_prediction_random_forest
mm.domus.WM139	medium	visitbritain
mm.domus.WM095	small	domus
mm.domus.WM006	medium	domus
mm.aim.1089	small	aim_size_designation
mm.domus.WM140	large	visitbritain
mm.wiki.323	small	mm_prediction_random_forest
mm.ace.333	large	ace_size_designation
mm.domus.WM141	small	aim_size_designation
mm.musa.090	small	visitbritain
mm.domus.WM022	small	domus
mm.wiki.320	small	mm_prediction_random_forest
mm.wiki.322	small	mm_prediction_random_forest
mm.aim82M.025	small	mm_prediction_random_forest
mm.domus.WM121	small	domus
mm.domus.WM021	medium	domus
mm.ace.1240	small	mm_prediction_random_forest
mm.aim82NM.129	small	mm_prediction_random_forest
mm.domus.WM130	small	domus
mm.domus.WM145	small	ma(fam)
mm.domus.WM138	large	visitbritain
mm.hha.107	small	mm_prediction_random_forest
mm.domus.WM034	medium	domus
mm.domus.WM023	small	domus
mm.ace.1242	small	aim_size_designation
mm.domus.WM116	medium	domus
mm.domus.WM038	large	domus
mm.aim.0528	small	aim_size_designation
mm.domus.WM035	medium	domus
mm.domus.WM036	medium	domus
mm.musa.197	medium	ma(fam)
mm.domus.SW172	medium	domus
mm.domus.SW203	large	domus
mm.domus.SW098	small	domus
mm.domus.SW013	small	domus
mm.domus.SW058	small	domus
mm.hha.031	small	mm_prediction_random_forest
mm.aim.0533	small	aim_size_designation
mm.ace.1284	small	mm_prediction_random_forest
mm.domus.SW104	small	aim_size_designation
mm.musa.053	large	visitbritain
mm.domus.SW178	large	domus
mm.domus.SW078	small	mm_prediction_random_forest
mm.aim82M.045	small	mm_prediction_random_forest
mm.aim.0671	medium	visitbritain
mm.domus.SW154	small	domus
mm.aim82NM.060	small	mm_prediction_random_forest
mm.aim.0512	small	aim_size_designation
mm.domus.SW185	small	domus
mm.wiki.032	small	mm_prediction_random_forest
mm.musa.121	medium	ma(fam)
mm.Mus70Cal.025	small	mm_prediction_random_forest
mm.domus.SW201	large	visitbritain
mm.aim82M.055	small	mm_prediction_random_forest
mm.wiki.048	small	mm_prediction_random_forest
mm.domus.SW017	small	domus
mm.wiki.034	small	mm_prediction_random_forest
mm.wiki.027	small	mm_prediction_random_forest
mm.domus.SW182	large	domus
mm.misc.064	small	mm_prediction_random_forest
mm.domus.SW165	small	domus
mm.misc.047	medium	mm_prediction_random_forest
mm.domus.SW083	small	domus
mm.misc.065	small	mm_prediction_random_forest
mm.hha.030	small	mm_prediction_random_forest
mm.aim.0129	small	aim_size_designation
mm.domus.SW085	small	domus
mm.domus.SW200	medium	domus
mm.domus.SW202	medium	visitbritain
mm.domus.SW142	small	domus
mm.domus.SW204	large	domus
mm.wiki.041	small	mm_prediction_random_forest
mm.aim.0791	small	aim_size_designation
mm.ace.1168	large	visitbritain
mm.musa.138	small	mm_prediction_random_forest
mm.aim82NM.066	small	mm_prediction_random_forest
mm.Mus70Cal.005	medium	mm_prediction_random_forest
mm.wiki.031	small	mm_prediction_random_forest
mm.domus.SW207	medium	domus
mm.domus.SW183	small	mm_prediction_random_forest
mm.domus.SW227	medium	visitbritain
mm.domus.SW170	large	domus
mm.wiki.039	large	ma(fam)
mm.musa.326	medium	visitbritain
mm.domus.SW018	medium	domus
mm.musa.322	medium	ma(fam)
mm.wiki.044	small	mm_prediction_random_forest
mm.aim82NM.038	small	mm_prediction_random_forest
mm.fcm.204	small	mm_prediction_random_forest
mm.domus.SW163	small	domus
mm.hha.032	small	mm_prediction_random_forest
mm.hha.029	small	mm_prediction_random_forest
mm.wiki.036	medium	ma(fam)
mm.wiki.037	small	mm_prediction_random_forest
mm.domus.SW199	large	visitbritain
mm.wiki.047	small	mm_prediction_random_forest
mm.aim.0753	small	aim_size_designation
mm.wiki.038	small	mm_prediction_random_forest
mm.ace.1291	small	mm
mm.aim.1354	small	aim_size_designation
mm.wiki.043	medium	mm_prediction_random_forest
mm.domus.SW084	medium	domus
mm.aim82NM.080	small	mm_prediction_random_forest
mm.musa.092	medium	mm_prediction_random_forest
mm.wiki.040	small	mm_prediction_random_forest
mm.hha.033	small	visitbritain
mm.aim82M.001	medium	mm_prediction_random_forest
mm.domus.SW184	small	visitbritain
mm.domus.SW132	medium	domus
mm.musa.353	small	mm_prediction_random_forest
mm.domus.SW150	medium	domus
mm.aim82NM.106	small	mm_prediction_random_forest
mm.wiki.042	small	mm_prediction_random_forest
mm.wiki.029	small	mm_prediction_random_forest
mm.domus.SW198	medium	visitbritain
mm.misc.171	small	mm_prediction_random_forest
mm.wiki.051	small	mm_prediction_random_forest
mm.wiki.033	small	mm_prediction_random_forest
mm.aim.1355	small	aim_size_designation
mm.domus.SW244	medium	ace_size_designation
mm.aim82NM.084	small	mm_prediction_random_forest
mm.domus.SW133	large	domus
mm.domus.SW028	small	domus
mm.wiki.030	small	mm_prediction_random_forest
mm.domus.SW191	small	domus
mm.wiki.045	small	mm_prediction_random_forest
mm.wiki.028	small	mm_prediction_random_forest
mm.wiki.049	small	mm_prediction_random_forest
mm.aim82M.069	small	mm_prediction_random_forest
mm.wiki.035	small	mm_prediction_random_forest
mm.misc.018	small	mm_prediction_random_forest
mm.ace.1266	small	aim_size_designation
mm.wiki.046	small	mm_prediction_random_forest
mm.domus.SW111	medium	domus
mm.domus.SW113	medium	domus
mm.wiki.396	small	visitbritain
mm.domus.SW196	small	domus
mm.domus.SW041	medium	domus
mm.domus.SW193	medium	domus
mm.aim.0042	small	aim_size_designation
mm.wiki.398	small	mm_prediction_random_forest
mm.wiki.394	small	mm_prediction_random_forest
mm.domus.SW060	small	domus
mm.aim82NM.011	large	mm_prediction_random_forest
mm.domus.SW067	medium	domus
mm.domus.SW003	small	domus
mm.domus.SW221	large	domus
mm.wiki.395	small	mm_prediction_random_forest
mm.domus.SW034	small	domus
mm.aim.1230	small	aim_size_designation
mm.domus.SW061	small	domus
mm.ace.1142	medium	ace_size_designation
mm.wiki.392	small	mm_prediction_random_forest
mm.hha.066	medium	mm_prediction_random_forest
mm.hha.064	medium	mm_prediction_random_forest
mm.domus.SW128	medium	domus
mm.domus.SW220	small	domus
mm.domus.SW114	small	domus
mm.domus.SW215	large	domus
mm.domus.SW112	medium	domus
mm.domus.SE157	medium	domus
mm.musa.396	medium	ma(fam)
mm.aim.1322	medium	aim_size_designation
mm.domus.SW119	small	domus
mm.domus.SW176	medium	domus
mm.domus.SW120	medium	domus
mm.misc.159	medium	mm_prediction_random_forest
mm.misc.136	medium	mm_prediction_random_forest
mm.domus.SW055	medium	domus
mm.domus.SW105	medium	ma(fam)
mm.domus.SW014	small	domus
mm.hha.065	medium	mm_prediction_random_forest
mm.wiki.399	small	mm_prediction_random_forest
mm.wiki.400	small	mm_prediction_random_forest
mm.domus.SW216	small	domus
mm.domus.SW218	medium	domus
mm.domus.SW153	small	domus
mm.wiki.401	small	mm_prediction_random_forest
mm.domus.SW108	small	mm_prediction_random_forest
mm.aim82M.041	medium	mm_prediction_random_forest
mm.domus.SW223	small	domus
mm.domus.SW087	small	domus
mm.domus.SE264	medium	domus
mm.hha.063	medium	mm_prediction_random_forest
mm.ace.516	medium	ma(fam)
mm.wiki.393	small	mm_prediction_random_forest
mm.domus.SW212	medium	visitbritain
mm.wiki.007	small	mm_prediction_random_forest
mm.aim.0803	small	aim_size_designation
mm.aim.0001	small	aim_size_designation
mm.domus.SE061	small	domus
mm.misc.115	small	mm_prediction_random_forest
mm.wiki.001	medium	mm_prediction_random_forest
mm.ace.1267	small	aim_size_designation
mm.hha.068	small	mm_prediction_random_forest
mm.ace.380	medium	mm
mm.domus.SE421	medium	domus
mm.domus.SE414	medium	domus
mm.musa.392	large	visitbritain
mm.hha.067	small	mm_prediction_random_forest
mm.aim.0943	small	aim_size_designation
mm.hha.069	small	mm_prediction_random_forest
mm.aim82NM.126	small	mm_prediction_random_forest
mm.domus.SE306	small	domus
mm.wiki.006	small	mm_prediction_random_forest
mm.aim.0448	small	aim_size_designation
mm.wiki.003	small	mm_prediction_random_forest
mm.domus.SE592	small	ace_size_designation
mm.wiki.005	small	mm_prediction_random_forest
mm.wiki.004	small	mm_prediction_random_forest
mm.domus.SE482	medium	domus
mm.musa.289	large	ma(fam)
mm.domus.NE016	large	domus
mm.domus.NE064	large	visitbritain
mm.wiki.303	small	mm_prediction_random_forest
mm.aim.0710	large	ma(fam)
mm.ace.1148	small	mm
mm.fcm.189	small	mm_prediction_random_forest
mm.domus.NE078	large	visitbritain
mm.aim.0628	small	aim_size_designation
mm.aim82NM.034	large	mm_prediction_random_forest
mm.domus.NE075	small	domus
mm.domus.NE040	medium	domus
mm.wiki.302	large	mm_prediction_random_forest
mm.musa.393	small	mm_prediction_random_forest
mm.wiki.301	small	mm_prediction_random_forest
mm.domus.NE017	medium	visitbritain
mm.domus.NE006	medium	domus
mm.hha.150	medium	visitbritain
mm.domus.NE071	large	domus
mm.domus.NE037	small	domus
mm.domus.NE039	medium	domus
mm.aim82M.021	small	mm_prediction_random_forest
mm.ace.1264	medium	visitbritain
mm.domus.NE073	large	domus
mm.musa.171	small	mm_prediction_random_forest
mm.domus.NE063	medium	domus
mm.musa.041	large	visitbritain
mm.domus.NE074	large	domus
mm.aim.0054	large	visitbritain
mm.domus.NE021	medium	domus
mm.domus.NE068	medium	visitbritain
domus.NE043	large	ace_size_designation
mm.domus.NE081	medium	domus
mm.ace.1189	small	aim_size_designation
mm.domus.NE077	medium	domus
mm.domus.NE062	small	domus
mm.aim.0406	small	aim_size_designation
mm.aim82M.054	small	mm_prediction_random_forest
mm.hha.006	medium	mm_prediction_random_forest
mm.musa.368	large	national_trust_annual_report_
mm.domus.SE464	small	domus
mm.domus.SE516	medium	domus
mm.domus.SE288	small	domus
mm.domus.SE469	small	domus
mm.domus.SE515	medium	domus
mm.domus.SE287	small	domus
mm.domus.SE204	large	domus
mm.wiki.010	small	mm_prediction_random_forest
mm.hha.007	medium	mm_prediction_random_forest
mm.domus.SE202	medium	domus
mm.hha.005	large	mm_prediction_random_forest
mm.domus.SE028	small	domus
mm.ace.1287	small	visitbritain
mm.domus.SE237	large	domus
mm.ace.1159	large	visitbritain
mm.aim.0021	small	aim_size_designation
mm.domus.SE578	small	visitbritain
mm.hha.003	small	visitbritain
mm.domus.SE514	large	visitbritain
mm.domus.SE412	medium	domus
mm.domus.SE517	medium	visitbritain
mm.aim82NM.037	small	mm_prediction_random_forest
mm.aim.0588	small	visitbritain
mm.domus.SE225	small	domus
mm.domus.SE382	small	domus
mm.domus.SE375	large	visitbritain
mm.misc.121	medium	mm_prediction_random_forest
mm.domus.SE376	small	domus
mm.musa.291	small	mm_prediction_random_forest
mm.ace.1160	large	ma(fam)
mm.aim.0181	small	aim_size_designation
mm.domus.SE381	medium	domus
mm.domus.SE379	large	domus
mm.domus.SE226	medium	domus
mm.domus.SE380	small	domus
mm.wiki.013	small	mm_prediction_random_forest
mm.domus.SE377	large	visitbritain
mm.domus.SE378	medium	domus
mm.wiki.016	small	ma(fam)
mm.domus.SE360	medium	domus
mm.domus.SE539	large	visitbritain
mm.ace.1277	small	ma(fam)
mm.domus.SE228	small	domus
mm.domus.SE267	medium	domus
mm.misc.114	small	mm_prediction_random_forest
mm.musa.274	medium	visitbritain
mm.domus.SE540	medium	visitbritain
mm.domus.SE335	small	domus
mm.domus.SE408	medium	domus
mm.domus.SE253	small	domus
mm.domus.SE122	small	aim_size_designation
mm.domus.SE402	small	domus
mm.wiki.011	small	mm_prediction_random_forest
mm.misc.052	small	mm_prediction_random_forest
mm.domus.SE092	small	domus
mm.domus.SE491	medium	domus
mm.domus.SE504	small	domus
mm.wiki.012	small	mm_prediction_random_forest
mm.domus.SE155	medium	domus
mm.wiki.014	small	mm_prediction_random_forest
mm.domus.SE245	medium	domus
mm.hha.070	small	mm_prediction_random_forest
mm.wiki.017	small	mm_prediction_random_forest
mm.ace.1173	large	visitbritain
mm.domus.SE541	large	visitbritain
mm.wiki.019	small	mm_prediction_random_forest
mm.domus.SE505	small	domus
mm.wiki.018	small	mm_prediction_random_forest
mm.wiki.015	small	mm_prediction_random_forest
mm.domus.SE064	large	domus
mm.misc.167	small	mm_prediction_random_forest
mm.wiki.063	large	mm_prediction_random_forest
mm.aim.1166	small	aim_size_designation
mm.domus.NW178	medium	visitbritain
mm.wiki.060	small	mm_prediction_random_forest
mm.hha.139	medium	mm_prediction_random_forest
mm.fcm.073	large	ma(fam)
mm.domus.NW080	small	domus
mm.domus.NW079	medium	domus
mm.hha.141	medium	visitbritain
mm.aim.1342	small	aim_size_designation
mm.wiki.058	small	mm_prediction_random_forest
mm.wiki.062	small	mm_prediction_random_forest
mm.aim.1031	small	aim_size_designation
mm.domus.NW088	small	domus
mm.domus.NW140	small	domus
mm.domus.NW086	large	domus
mm.domus.NW168	medium	mm_prediction_random_forest
mm.aim.0900	small	aim_size_designation
mm.musa.073	medium	visitbritain
mm.aim82M.057	small	mm_prediction_random_forest
mm.domus.NW029	large	domus
mm.domus.NW021	large	visitbritain
mm.musa.048	medium	visitbritain
mm.wiki.059	small	mm_prediction_random_forest
mm.musa.074	small	mm_prediction_random_forest
mm.domus.NW022	small	domus
mm.aim.0779	small	aim_size_designation
mm.domus.NW190	small	aim_size_designation
mm.domus.NW153	large	visitbritain
mm.domus.NW002	medium	domus
mm.domus.NW160	small	domus
mm.hha.142	small	mm_prediction_random_forest
mm.wiki.056	medium	visitbritain
mm.wiki.061	small	mm_prediction_random_forest
mm.musa.316	medium	ma(fam)
mm.hha.138	small	mm_prediction_random_forest
mm.domus.NW032	small	domus
mm.ace.1110	medium	visitbritain
mm.hha.136	small	mm_prediction_random_forest
mm.misc.043	medium	mm_prediction_random_forest
mm.aim82NM.128	small	mm_prediction_random_forest
mm.wiki.055	medium	mm_prediction_random_forest
mm.domus.NW062	medium	domus
mm.aim82NM.004	small	mm_prediction_random_forest
mm.aim82NM.092	small	mm_prediction_random_forest
mm.aim.0431	small	aim_size_designation
mm.wiki.057	small	mm_prediction_random_forest
mm.aim.0527	large	visitbritain
mm.domus.NW172	medium	visitbritain
mm.domus.NW087	medium	domus
mm.domus.NW163	medium	domus
mm.domus.NW025	medium	domus
mm.domus.NW120	small	domus
mm.domus.NW174	large	visitbritain
mm.hha.140	small	mm_prediction_random_forest
mm.wiki.053	small	mm_prediction_random_forest
mm.domus.NW177	medium	domus
mm.domus.NW176	large	visitbritain
mm.wiki.054	small	mm_prediction_random_forest
mm.fcm.144	large	mm_prediction_random_forest
mm.domus.NW001	medium	domus
mm.domus.NW065	small	domus
mm.domus.NW187	small	visitbritain
mm.domus.NW023	medium	domus
mm.domus.NW073	small	aim_size_designation
mm.domus.NW053	large	domus
mm.domus.NW024	medium	domus
mm.ace.1128	medium	visitbritain
mm.wiki.064	small	mm_prediction_random_forest
mm.domus.EM052	large	domus
mm.fcm.163	small	mm_prediction_random_forest
mm.aim.0179	small	aim_size_designation
mm.domus.EM098	medium	domus
mm.domus.EM076	large	domus
mm.wiki.075	small	mm_prediction_random_forest
mm.ace.1103	small	visitbritain
mm.wiki.067	small	mm_prediction_random_forest
mm.domus.EM087	large	visitbritain
mm.aim.0530	small	aim_size_designation
mm.domus.EM093	large	visitbritain
mm.aim.1309	small	aim_size_designation
mm.musa.186	small	ma(fam)
mm.domus.EM081	medium	domus
mm.domus.EM033	medium	domus
mm.domus.EM080	small	domus
mm.ace.1238	small	aim_size_designation
mm.misc.058	small	mm_prediction_random_forest
mm.wiki.066	small	mm_prediction_random_forest
mm.domus.EM014	medium	domus
mm.domus.EM102	small	ma(fam)
mm.aim.0625	small	aim_size_designation
mm.musa.230	small	ma(fam)
mm.domus.EM051	medium	domus
mm.wiki.069	small	mm_prediction_random_forest
mm.wiki.071	small	mm_prediction_random_forest
mm.musa.278	small	mm_prediction_random_forest
mm.aim82M.017	small	mm_prediction_random_forest
mm.domus.EM010	large	ma(fam)
mm.hha.086	small	mm_prediction_random_forest
mm.aim82NM.056	small	mm_prediction_random_forest
mm.hha.088	small	mm_prediction_random_forest
mm.aim.0692	small	aim_size_designation
mm.wiki.065	large	visitbritain
mm.wiki.073	small	mm_prediction_random_forest
mm.aim.0983	large	aim_size_designation
mm.domus.EM012	medium	domus
mm.aim82NM.062	small	mm_prediction_random_forest
mm.domus.EM086	large	visitbritain
mm.domus.EM037	medium	domus
mm.aim82M.011	small	mm_prediction_random_forest
mm.domus.EM106	medium	ma(fam)
mm.aim82NM.026	small	mm_prediction_random_forest
mm.domus.EM101	medium	ma(fam)
mm.domus.EM111	small	aim_size_designation
mm.aim.0795	medium	ma(fam)
mm.aim.0425	small	visitbritain
mm.ace.1133	large	visitbritain
mm.wiki.074	small	visitbritain
mm.hha.085	small	mm_prediction_random_forest
mm.hha.087	small	visitbritain
mm.aim82NM.097	small	mm_prediction_random_forest
mm.domus.EM094	large	visitbritain
mm.domus.SW230	large	visitbritain
mm.hha.039	small	visitbritain
mm.domus.SW094	small	domus
mm.musa.045	medium	mm_prediction_random_forest
mm.wiki.079	small	mm_prediction_random_forest
mm.domus.SW161	small	domus
mm.domus.SW156	small	domus
mm.musa.390	small	mm_prediction_random_forest
mm.wiki.082	small	mm_prediction_random_forest
mm.domus.SW239	large	mm_prediction_random_forest
mm.wiki.091	small	mm_prediction_random_forest
mm.domus.SW093	small	domus
mm.domus.SW173	small	domus
mm.domus.SW237	large	visitbritain
mm.domus.SW044	small	domus
mm.hha.034	small	mm_prediction_random_forest
mm.misc.175	small	mm_prediction_random_forest
mm.domus.SW092	medium	domus
mm.domus.SW091	small	domus
mm.misc.038	small	mm_prediction_random_forest
mm.domus.SW088	large	domus
mm.musa.129	small	mm_prediction_random_forest
mm.domus.SW197	small	domus
mm.domus.SW102	medium	visitbritain
mm.hha.040	small	mm_prediction_random_forest
mm.hha.036	small	visitbritain
mm.domus.SW097	medium	domus
mm.wiki.080	small	mm_prediction_random_forest
mm.domus.SW238	large	national_trust_annual_report_
mm.domus.SW137	medium	domus
mm.domus.SW026	small	domus
mm.domus.SW231	large	visitbritain
mm.aim.0641	small	visitbritain
mm.domus.SW075	medium	domus
mm.domus.SW159	small	domus
mm.wiki.085	small	mm_prediction_random_forest
mm.domus.SW152	small	domus
mm.domus.SW076	small	domus
mm.aim.0211	small	aim_size_designation
mm.domus.SW171	small	domus
mm.hha.035	small	mm_prediction_random_forest
mm.domus.SW054	medium	domus
mm.wiki.089	medium	mm_prediction_random_forest
mm.wiki.077	small	mm_prediction_random_forest
mm.domus.SW129	small	domus
mm.domus.SW027	small	visitbritain
mm.domus.SW038	small	domus
mm.domus.SW240	medium	visitbritain
mm.misc.173	large	mm_prediction_random_forest
mm.aim.1246	small	aim_size_designation
mm.aim82M.047	large	mm_prediction_random_forest
mm.domus.SW141	small	domus
mm.domus.SW186	small	domus
mm.wiki.086	small	ma(fam)
mm.domus.SW236	large	national_trust_annual_report_
mm.wiki.084	small	mm_prediction_random_forest
mm.aim82NM.019	small	mm_prediction_random_forest
mm.domus.SW080	small	domus
mm.aim.0907	large	visitbritain
mm.misc.172	large	mm_prediction_random_forest
mm.hha.038	small	mm_prediction_random_forest
mm.domus.SW157	small	domus
mm.misc.020	small	mm_prediction_random_forest
mm.musa.364	small	mm_prediction_random_forest
mm.domus.SW035	small	domus
mm.hha.041	small	mm_prediction_random_forest
mm.aim.0098	small	aim_size_designation
mm.domus.SW103	medium	mm
mm.wiki.088	small	mm_prediction_random_forest
mm.aim.0109	small	aim_size_designation
mm.domus.SW140	small	domus
mm.aim.0062	small	aim_size_designation
mm.wiki.076	medium	mm_prediction_random_forest
mm.aim82NM.006	medium	mm_prediction_random_forest
mm.domus.SW053	small	domus
mm.domus.SW081	small	domus
mm.musa.162	small	mm_prediction_random_forest
mm.hha.037	small	mm_prediction_random_forest
mm.wiki.090	large	mm_prediction_random_forest
mm.misc.174	large	mm_prediction_random_forest
mm.domus.SW019	large	domus
mm.aim.1047	medium	aim_size_designation
mm.wiki.087	medium	mm_prediction_random_forest
mm.ace.1154	small	ace_size_designation
mm.domus.SW234	large	visitbritain
mm.wiki.092	small	mm_prediction_random_forest
mm.domus.SW235	large	visitbritain
mm.misc.134	small	mm_prediction_random_forest
mm.domus.SW048	small	domus
mm.fcm.075	small	mm_prediction_random_forest
mm.aim82NM.053	small	mm_prediction_random_forest
mm.domus.SW068	large	domus
mm.misc.177	small	mm_prediction_random_forest
mm.domus.SW047	medium	visitbritain
mm.misc.072	small	mm_prediction_random_forest
mm.domus.SW195	medium	domus
mm.fcm.027	large	mm_prediction_random_forest
mm.misc.073	small	mm_prediction_random_forest
mm.hha.045	small	mm_prediction_random_forest
mm.domus.SW086	medium	domus
mm.misc.178	small	mm_prediction_random_forest
mm.hha.043	small	mm_prediction_random_forest
mm.aim.0936	large	aim_size_designation
mm.domus.SW214	large	visitbritain
mm.domus.SW167	small	visitbritain
mm.hha.050	small	mm_prediction_random_forest
mm.ace.1112	small	ma(fam)
mm.domus.SW126	medium	domus
mm.hha.049	small	visitbritain
mm.aim82NM.014	small	mm_prediction_random_forest
mm.domus.SW063	small	domus
mm.domus.SW117	medium	domus
mm.domus.SW130	medium	domus
mm.aim82NM.094	small	mm_prediction_random_forest
mm.domus.SW045	small	domus
mm.domus.SW131	large	domus
mm.aim.1097	medium	aim_size_designation
mm.aim.1206	medium	ma(fam)
mm.domus.SW145	small	domus
mm.domus.SW169	medium	domus
mm.domus.SW208	medium	domus
mm.hha.046	small	mm_prediction_random_forest
mm.fcm.102	large	mm_prediction_random_forest
mm.domus.SW179	large	visitbritain
mm.misc.111	small	mm_prediction_random_forest
mm.domus.SW046	small	domus
mm.fcm.083	large	ma(fam)
mm.musa.273	medium	mm_prediction_random_forest
mm.hha.048	small	visitbritain
mm.misc.148	small	mm_prediction_random_forest
mm.fcm.082	large	mm_prediction_random_forest
mm.musa.354	medium	ma(fam)
mm.misc.097	medium	mm_prediction_random_forest
mm.hha.042	small	mm_prediction_random_forest
mm.domus.SW151	small	domus
mm.aim.1115	small	ma(fam)
mm.domus.SW188	small	visitbritain
mm.musa.057	small	mm_prediction_random_forest
mm.hha.044	small	mm_prediction_random_forest
mm.domus.SW059	small	domus
mm.domus.SW042	medium	domus
mm.musa.335	large	mm_prediction_random_forest
mm.hha.047	medium	visitbritain
mm.aim82M.003	large	mm_prediction_random_forest
mm.misc.147	small	mm_prediction_random_forest
mm.domus.SW147	small	mm_prediction_random_forest
mm.domus.SW039	medium	domus
mm.domus.SW125	small	domus
mm.domus.SW213	medium	domus
mm.MDN.036	small	mm_prediction_random_forest
mm.domus.SW166	medium	domus
mm.aim.1300	small	ma(fam)
mm.musa.380	small	mm_prediction_random_forest
mm.musa.286	medium	visitbritain
mm.misc.101	small	mm_prediction_random_forest
mm.domus.SW189	medium	domus
mm.aim.1308	medium	aim_size_designation
mm.ace.1260	medium	ma(fam)
mm.musa.001	small	mm_prediction_random_forest
mm.domus.SE456	medium	domus
mm.musa.199	small	mm_prediction_random_forest
mm.fcm.275	small	mm_prediction_random_forest
mm.wiki.119	small	mm_prediction_random_forest
mm.domus.SE457	medium	domus
mm.domus.SE458	small	domus
mm.musa.122	small	mm_prediction_random_forest
mm.misc.144	small	mm_prediction_random_forest
mm.domus.WA067	medium	domus
mm.domus.SE373	medium	domus
mm.misc.068	small	mm_prediction_random_forest
mm.domus.SE299	medium	domus
mm.domus.SE346	medium	visitbritain
mm.aim82NM.107	small	mm_prediction_random_forest
mm.musa.183	small	mm_prediction_random_forest
mm.wiki.111	small	mm_prediction_random_forest
mm.domus.SE490	large	domus
mm.domus.SE298	medium	domus
mm.hha.022	small	mm_prediction_random_forest
mm.aim82NM.119	large	mm_prediction_random_forest
mm.musa.016	small	ma(fam)
mm.domus.SE417	medium	domus
mm.domus.SE481	small	domus
mm.musa.283	small	mm_prediction_random_forest
mm.domus.SE431	small	domus
mm.domus.SE419	small	domus
mm.ace.1164	medium	mm
mm.hha.023	small	mm_prediction_random_forest
mm.domus.SE416	medium	domus
mm.domus.SE530	medium	visitbritain
mm.aim82M.027	small	mm_prediction_random_forest
mm.aim.0699	medium	ma(fam)
mm.domus.SE586	medium	visitbritain
mm.aim82NM.087	small	mm_prediction_random_forest
mm.domus.SE499	large	domus
mm.domus.SE347	medium	domus
mm.domus.SE187	small	domus
mm.hha.025	small	mm_prediction_random_forest
mm.domus.SE409	small	domus
mm.domus.SE192	medium	domus
mm.domus.SE193	small	domus
mm.aim.0150	large	aim_size_designation
mm.wiki.108	small	visitbritain
mm.domus.SE462	medium	domus
mm.domus.SE529	small	domus
mm.domus.SE528	large	visitbritain
mm.wiki.110	small	mm_prediction_random_forest
mm.wiki.377	small	mm_prediction_random_forest
mm.musa.168	small	mm_prediction_random_forest
mm.domus.SE426	medium	domus
mm.wiki.107	small	mm_prediction_random_forest
mm.domus.SE232	medium	domus
mm.wiki.116	small	mm_prediction_random_forest
mm.hud.005	large	mm_prediction_random_forest
mm.aim82NM.054	small	mm_prediction_random_forest
mm.aim82NM.131	small	mm_prediction_random_forest
mm.aim.0335	small	aim_size_designation
mm.musa.332	small	visitbritain
mm.musa.031	small	mm_prediction_random_forest
mm.wiki.131	small	mm_prediction_random_forest
mm.aim.1017	small	ma(fam)
mm.wiki.139	medium	mm_prediction_random_forest
mm.aim82M.060	small	mm_prediction_random_forest
mm.domus.SE208	small	mm_prediction_random_forest
mm.wiki.138	small	mm_prediction_random_forest
mm.domus.SE542	small	domus
mm.hha.071	small	visitbritain
mm.aim.0218	medium	visitbritain
mm.domus.SE200	medium	babbidge_ewles_&_smith._2006.
mm.hud.022	medium	mm_prediction_random_forest
mm.misc.181	small	mm_prediction_random_forest
mm.wiki.128	small	mm_prediction_random_forest
mm.musa.135	small	visitbritain
mm.aim.0217	small	aim_size_designation
mm.misc.198	small	mm_prediction_random_forest
mm.aim.0213	small	visitbritain
mm.ace.1187	medium	mm_prediction_random_forest
mm.musa.119	small	mm_prediction_random_forest
mm.wiki.124	small	mm_prediction_random_forest
mm.wiki.130	small	visitbritain
mm.domus.SE199	small	domus
mm.fcm.139	small	mm_prediction_random_forest
mm.fcm.041	small	mm_prediction_random_forest
mm.misc.137	small	mm_prediction_random_forest
mm.wiki.122	small	mm_prediction_random_forest
mm.wiki.123	small	visitbritain
mm.ace.1120	medium	ma(fam)
mm.musa.301	small	ma(fam)
mm.domus.SE234	medium	domus
mm.musa.035	small	mm_prediction_random_forest
mm.wiki.136	small	mm_prediction_random_forest
mm.domus.SE271	medium	domus
mm.wiki.129	medium	mm_prediction_random_forest
mm.domus.SE071	large	domus
mm.domus.SE072	small	domus
mm.aim.0025	small	aim_size_designation
mm.domus.SE080	medium	domus
mm.domus.SE310	medium	domus
mm.hha.073	small	mm_prediction_random_forest
mm.aim.1196	small	aim_size_designation
mm.domus.SE442	medium	domus
mm.aim.1147	small	aim_size_designation
mm.wiki.134	small	mm_prediction_random_forest
mm.domus.SE589	small	aim_size_designation
mm.aim.0110	small	aim_size_designation
mm.domus.SE074	medium	domus
mm.domus.SE069	small	domus
mm.musa.351	medium	ma(fam)
mm.wiki.135	small	mm_prediction_random_forest
mm.aim.1180	medium	aim_size_designation
mm.domus.SE265	medium	domus
mm.ace.1121	small	ace_size_designation
mm.wiki.127	medium	mm_prediction_random_forest
mm.domus.SE148	medium	domus
mm.domus.SE149	medium	domus
mm.misc.180	small	mm_prediction_random_forest
mm.ace.1151	small	aim_size_designation
mm.musa.215	small	mm_prediction_random_forest
mm.misc.179	small	mm_prediction_random_forest
mm.domus.SE012	small	domus
mm.domus.SE249	small	visitbritain
mm.misc.125	small	mm_prediction_random_forest
mm.wiki.133	small	mm_prediction_random_forest
mm.musa.214	small	mm_prediction_random_forest
mm.ace.1178	small	aim_size_designation
mm.ace.1212	medium	ace_size_designation
mm.aim.0790	small	aim_size_designation
mm.musa.120	small	mm_prediction_random_forest
mm.musa.164	small	mm_prediction_random_forest
mm.musa.163	small	mm_prediction_random_forest
mm.wiki.126	small	mm_prediction_random_forest
mm.musa.165	small	mm_prediction_random_forest
mm.aim.1159	small	aim_size_designation
mm.domus.SE201	small	domus
mm.domus.SE561	small	domus
mm.musa.328	small	ma(fam)
mm.musa.154	small	ma(fam)
mm.domus.SE273	small	domus
mm.domus.SE478	large	domus
mm.domus.SE348	medium	domus
mm.musa.242	small	mm_prediction_random_forest
mm.wiki.121	small	mm_prediction_random_forest
mm.aim.0389	small	aim_size_designation
mm.fcm.124	small	mm_prediction_random_forest
mm.domus.SW022	medium	domus
mm.domus.SW023	small	domus
mm.domus.SW021	large	domus
mm.aim82NM.033	small	mm_prediction_random_forest
mm.hha.056	small	mm_prediction_random_forest
mm.aim82NM.009	small	mm_prediction_random_forest
mm.hha.053	small	visitbritain
mm.misc.039	small	mm_prediction_random_forest
mm.wiki.149	large	mm_prediction_random_forest
mm.musa.220	small	mm_prediction_random_forest
mm.domus.SW181	small	domus
mm.hha.055	small	mm_prediction_random_forest
mm.aim82NM.055	large	mm_prediction_random_forest
mm.aim82M.040	small	mm_prediction_random_forest
mm.wiki.147	large	mm_prediction_random_forest
mm.hha.060	small	mm_prediction_random_forest
mm.domus.SW029	large	domus
mm.aim.0234	large	ma(fam)
mm.ace.1199	small	ma(fam)
mm.misc.094	large	mm_prediction_random_forest
mm.domus.SW030	medium	domus
mm.domus.SW242	large	national_trust_annual_report_
mm.hha.059	small	mm_prediction_random_forest
mm.domus.SW243	large	mm_prediction_random_forest
mm.domus.SW037	medium	domus
mm.aim.1194	small	aim_size_designation
mm.domus.SW036	medium	domus
mm.wiki.142	small	mm_prediction_random_forest
mm.misc.078	small	mm_prediction_random_forest
mm.aim.0207	large	visitbritain
mm.wiki.148	small	mm_prediction_random_forest
mm.wiki.145	small	mm_prediction_random_forest
mm.domus.SW158	medium	domus
mm.domus.SW065	medium	domus
mm.aim82NM.051	medium	mm_prediction_random_forest
mm.domus.SW066	medium	domus
mm.domus.SW079	medium	visitbritain
mm.hha.054	medium	mm_prediction_random_forest
mm.domus.SW106	small	visitbritain
mm.domus.SW134	medium	domus
mm.hha.061	medium	mm_prediction_random_forest
mm.wiki.141	small	mm_prediction_random_forest
mm.wiki.143	small	mm_prediction_random_forest
mm.wiki.144	small	mm_prediction_random_forest
mm.domus.SW116	small	domus
mm.domus.SW155	medium	domus
mm.domus.SW135	small	domus
mm.domus.SW225	medium	domus
mm.domus.SW224	large	visitbritain
mm.aim.1006	small	visitbritain
mm.hha.058	medium	mm_prediction_random_forest
mm.domus.SW168	small	domus
mm.wiki.146	small	mm_prediction_random_forest
mm.aim.0485	medium	aim_size_designation
mm.domus.SW057	small	domus
mm.hha.057	medium	mm_prediction_random_forest
mm.domus.SW056	small	domus
mm.domus.SW148	small	domus
mm.musa.145	large	visitbritain
mm.aim.1312	medium	ma(fam)
mm.hha.009	medium	mm_prediction_random_forest
mm.domus.SE599	medium	ma(fam)
mm.hha.010	medium	mm_prediction_random_forest
mm.aim82NM.028	small	mm_prediction_random_forest
mm.domus.SE550	large	domus
mm.domus.SE600	large	ma(fam)
mm.domus.SE220	medium	domus
mm.domus.SE572	small	domus
mm.ace.1111	medium	visitbritain
mm.wiki.198	small	mm_prediction_random_forest
mm.domus.SE221	medium	domus
mm.domus.SE222	medium	domus
mm.wiki.192	small	mm_prediction_random_forest
mm.domus.SE177	small	domus
mm.domus.SE396	medium	domus
mm.wiki.195	small	mm_prediction_random_forest
mm.domus.SE296	small	domus
mm.musa.216	small	mm_prediction_random_forest
mm.aim.0155	small	visitbritain
mm.domus.SE404	medium	domus
mm.domus.SE498	medium	visitbritain
mm.domus.SE350	large	domus
mm.aim.0441	small	aim_size_designation
mm.aim.1085	small	aim_size_designation
mm.ace.1153	medium	ma(fam)
mm.ace.1233	small	ma(fam)
mm.domus.SE597	medium	ma(fam)
mm.wiki.196	small	mm_prediction_random_forest
mm.domus.SE460	small	domus
mm.domus.SE297	large	visitbritain
mm.aim.0117	small	visitbritain
mm.domus.SE461	medium	domus
mm.aim82NM.045	small	mm_prediction_random_forest
mm.wiki.200	small	mm_prediction_random_forest
mm.musa.300	large	mm_prediction_random_forest
mm.ace.1157	small	aim_size_designation
mm.domus.SE219	medium	domus
mm.wiki.194	medium	mm_prediction_random_forest
mm.aim.0583	large	visitbritain
mm.ace.1126	medium	ma(fam)
mm.domus.SE081	large	domus
mm.aim.0307	small	aim_size_designation
mm.musa.037	large	ma(fam)
mm.aim82NM.104	small	mm_prediction_random_forest
mm.ace.1259	small	visitbritain
mm.domus.SE448	small	mm_prediction_random_forest
mm.domus.SE169	medium	domus
mm.domus.SE098	small	domus
mm.domus.SE123	small	domus
mm.domus.SE171	medium	domus
mm.domus.SE549	large	visitbritain
mm.aim82NM.133	small	mm_prediction_random_forest
mm.aim.0513	small	mm
mm.aim82M.062	medium	mm_prediction_random_forest
mm.domus.SW205	small	domus
mm.domus.SE218	large	domus
mm.domus.SE003	medium	domus
mm.domus.SE178	medium	domus
mm.aim82M.005	small	mm_prediction_random_forest
mm.domus.SE087	small	aim_size_designation
mm.domus.SE327	small	domus
mm.domus.SE548	large	visitbritain
mm.domus.SE095	large	visitbritain
mm.domus.SE254	medium	domus
mm.domus.SE434	small	domus
mm.domus.SE164	medium	domus
mm.domus.SE562	medium	domus
mm.domus.SE165	small	domus
mm.hha.008	large	mm_prediction_random_forest
mm.domus.SE109	small	aim_size_designation
mm.ace.1123	medium	ma(fam)
mm.domus.SE295	medium	domus
mm.aim.1263	small	aim_size_designation
mm.musa.386	small	mm_prediction_random_forest
mm.domus.SE166	small	domus
mm.domus.SE255	medium	domus
mm.aim.1326	small	aim_size_designation
mm.domus.SE362	small	domus
mm.musa.229	large	visitbritain
mm.domus.SE340	small	domus
mm.aim.1255	small	aim_size_designation
mm.hha.074	small	mm_prediction_random_forest
mm.aim.1156	small	aim_size_designation
mm.ace.1127	large	visitbritain
mm.domus.SE227	small	domus
mm.misc.117	small	mm_prediction_random_forest
mm.aim.0310	medium	ma(fam)
mm.ace.1204	small	visitbritain
mm.ace.1137	small	visitbritain
mm.wiki.206	small	mm_prediction_random_forest
mm.domus.SE311	medium	domus
mm.ace.1098	medium	ma(fam)
mm.domus.SE588	small	ma(fam)
mm.domus.SE349	small	visitbritain
mm.domus.SE324	medium	domus
mm.domus.SE173	small	domus
mm.aim.1245	small	aim_size_designation
mm.misc.116	small	mm_prediction_random_forest
mm.domus.SE400	medium	domus
mm.domus.SE413	small	visitbritain
mm.domus.SE372	small	domus
mm.wiki.236	small	mm_prediction_random_forest
mm.aim.0219	medium	ma(fam)
mm.misc.022	small	visitbritain
mm.domus.SE537	medium	visitbritain
mm.domus.SE567	small	domus
mm.domus.SE248	small	domus
mm.hha.013	medium	mm_prediction_random_forest
mm.domus.SE121	large	visitbritain
mm.ace.1158	small	ma(fam)
mm.domus.SC127	large	domus
mm.domus.SE603	small	ma(fam)
mm.domus.SE292	small	domus
mm.domus.SE216	large	domus
mm.musa.320	medium	mm_prediction_random_forest
mm.domus.SE214	large	visitbritain
mm.domus.SE215	medium	visitbritain
mm.musa.310	medium	ma(fam)
mm.domus.SE251	medium	visitbritain
mm.domus.SE250	small	domus
mm.aim.0941	small	aim_size_designation
mm.domus.SE260	small	domus
mm.domus.SE019	small	domus
mm.aim82NM.105	small	mm_prediction_random_forest
mm.musa.095	small	mm_prediction_random_forest
mm.domus.SE441	large	domus
mm.domus.SE500	large	visitbritain
mm.domus.SE403	small	domus
mm.domus.SE257	large	domus
mm.domus.SE147	medium	domus
mm.musa.109	medium	visitbritain
mm.domus.SE459	small	domus
mm.domus.SE336	small	visitbritain
mm.domus.SE367	small	domus
mm.domus.SE188	small	domus
mm.domus.SE501	large	visitbritain
mm.wiki.230	small	mm_prediction_random_forest
mm.wiki.225	small	mm_prediction_random_forest
mm.musa.223	small	mm_prediction_random_forest
mm.wiki.220	small	mm_prediction_random_forest
mm.domus.SE045	small	domus
mm.domus.SE534	small	visitbritain
mm.domus.SE334	small	domus
mm.fcm.232	small	mm_prediction_random_forest
mm.aim.0531	medium	visitbritain
mm.domus.SE470	large	domus
mm.musa.055	small	ma(fam)
mm.domus.SE483	small	domus
mm.domus.SE451	medium	domus
mm.domus.SE333	large	domus
mm.aim.0535	large	visitbritain
mm.musa.343	large	ma(fam)
mm.domus.SE489	small	domus
mm.musa.209	medium	ma(fam)
mm.aim.1095	small	aim_size_designation
mm.domus.SE420	small	domus
mm.domus.SE533	large	visitbritain
mm.domus.SE531	large	visitbritain
mm.wiki.226	medium	mm_prediction_random_forest
mm.domus.SE535	medium	visitbritain
mm.aim.0724	small	aim_size_designation
mm.domus.SE079	medium	domus
mm.domus.SE320	large	domus
mm.aim.0882	small	ma(fam)
mm.domus.SE587	small	ma(fam)
mm.hha.014	small	mm_prediction_random_forest
mm.wiki.223	small	mm_prediction_random_forest
mm.musa.290	large	ma(fam)
mm.domus.SE035	small	domus
mm.domus.SE077	medium	domus
mm.musa.210	small	visitbritain
mm.musa.189	small	mm_prediction_random_forest
mm.musa.058	small	ma(fam)
mm.musa.257	small	ma(fam)
mm.aim.0295	small	aim_size_designation
mm.aim.1353	small	ma(fam)
mm.musa.312	medium	visitbritain
mm.musa.313	small	ma(fam)
mm.domus.SE467	small	domus
mm.wiki.221	small	ma(fam)
mm.aim.1352	small	ma(fam)
mm.wiki.232	small	mm_prediction_random_forest
mm.wiki.219	small	visitbritain
mm.wiki.229	small	mm_prediction_random_forest
mm.musa.235	small	visitbritain
mm.domus.SE289	small	domus
mm.hha.011	medium	ma(fam)
mm.misc.030	small	mm_prediction_random_forest
mm.musa.096	small	ma(fam)
mm.misc.013	small	mm_prediction_random_forest
mm.misc.082	medium	mm_prediction_random_forest
mm.domus.SE090	medium	domus
mm.misc.032	small	mm_prediction_random_forest
mm.aim.0788	small	aim_size_designation
mm.domus.SE261	medium	domus
mm.domus.SE078	medium	domus
mm.domus.SE606	large	visitbritain
mm.wiki.227	medium	mm_prediction_random_forest
mm.musa.112	small	mm_prediction_random_forest
mm.Mus70Cal.022	medium	mm_prediction_random_forest
mm.domus.SE532	large	visitbritain
mm.aim82NM.074	small	mm_prediction_random_forest
mm.aim.0074	small	aim_size_designation
mm.aim.0407	small	aim_size_designation
mm.ace.1205	large	visitbritain
mm.domus.SE252	small	domus
mm.domus.SE374	medium	domus
mm.aim.0503	small	aim_size_designation
mm.domus.SE536	large	domus
mm.wiki.224	small	mm_prediction_random_forest
mm.aim.0581	small	aim_size_designation
mm.musa.224	small	mm_prediction_random_forest
mm.domus.NW075	medium	domus
mm.domus.NW076	medium	domus
mm.domus.NW074	large	domus
mm.ace.1202	medium	visitbritain
mm.domus.NW069	small	domus
mm.domus.NW162	small	domus
mm.misc.143	medium	mm_prediction_random_forest
mm.domus.NW006	medium	domus
mm.hha.144	medium	mm_prediction_random_forest
mm.domus.NW181	medium	ma(fam)
mm.aim82NM.071	large	mm_prediction_random_forest
mm.domus.NW132	medium	domus
mm.aim.0570	medium	visitbritain
mm.wiki.240	medium	mm_prediction_random_forest
mm.misc.011	medium	mm_prediction_random_forest
mm.aim82NM.073	small	mm_prediction_random_forest
mm.domus.NW057	medium	visitbritain
mm.musa.191	large	ma(fam)
mm.domus.NW165	small	domus
mm.domus.NW072	medium	domus
mm.domus.NW040	small	domus
mm.domus.NW050	medium	domus
mm.wiki.242	small	mm_prediction_random_forest
mm.wiki.239	medium	visitbritain
mm.domus.NW049	large	domus
mm.domus.NW048	small	domus
mm.hha.145	small	visitbritain
mm.domus.NW046	large	domus
mm.ace.135	medium	ma(fam)
mm.Mus70Cal.013	medium	mm_prediction_random_forest
mm.fcm.032	small	visitbritain
mm.domus.NW179	small	domus
mm.domus.NW129	large	domus
mm.aim.1335	small	aim_size_designation
mm.domus.NW130	small	domus
mm.Mus70Cal.004	medium	mm_prediction_random_forest
mm.wiki.237	small	visitbritain
mm.domus.NW141	small	domus
mm.domus.NW081	medium	domus
mm.domus.NW036	small	domus
mm.domus.NW038	small	domus
mm.domus.NW085	large	domus
mm.domus.NW035	medium	domus
mm.domus.NW045	small	domus
mm.misc.156	small	mm_prediction_random_forest
mm.aim82NM.122	large	mm_prediction_random_forest
mm.domus.NW042	medium	domus
mm.hha.143	small	mm_prediction_random_forest
mm.domus.NW152	medium	domus
mm.domus.NW139	medium	domus
mm.domus.NW183	medium	ma(fam)
mm.wiki.241	small	visitbritain
mm.domus.NW041	medium	domus
mm.aim.1315	small	ma(fam)
mm.musa.023	small	mm_prediction_random_forest
mm.ace.127	large	ace_size_designation
mm.domus.NW188	small	aim_size_designation
mm.aim.1247	small	aim_size_designation
mm.hha.146	medium	visitbritain
mm.domus.NW094	small	domus
mm.domus.NW175	medium	visitbritain
mm.domus.NW043	small	domus
mm.aim.1051	small	aim_size_designation
mm.musa.329	large	mm_prediction_random_forest
mm.aim.0994	small	aim_size_designation
mm.wiki.248	small	mm_prediction_random_forest
mm.ace.1108	small	ace_size_designation
mm.ace.1107	small	ace_size_designation
mm.domus.EM104	medium	ma(fam)
mm.domus.EM083	medium	domus
mm.domus.EM074	medium	domus
mm.musa.280	medium	ma(fam)
mm.aim.0410	small	ma(fam)
mm.wiki.243	small	mm_prediction_random_forest
mm.hha.090	small	mm_prediction_random_forest
mm.aim.0565	small	aim_size_designation
mm.domus.EM109	small	visitbritain
mm.ace.1200	medium	mm
mm.wiki.250	small	mm_prediction_random_forest
mm.aim82NM.027	small	mm_prediction_random_forest
mm.domus.EM070	medium	domus
mm.hha.089	small	mm_prediction_random_forest
mm.ace.1286	small	mm
mm.musa.115	small	mm_prediction_random_forest
mm.aim.0959	small	aim_size_designation
mm.domus.EM004	small	domus
mm.wiki.245	large	mm_prediction_random_forest
mm.domus.EM073	medium	domus
mm.domus.EM075	large	domus
mm.ace.1236	small	mm
mm.wiki.251	medium	mm_prediction_random_forest
mm.misc.044	small	mm_prediction_random_forest
mm.domus.EM108	small	ma(fam)
mm.domus.EM040	small	domus
mm.ace.1106	small	aim_size_designation
mm.misc.102	small	mm_prediction_random_forest
mm.wiki.252	small	visitbritain
mm.domus.EM085	medium	domus
mm.wiki.258	small	mm_prediction_random_forest
mm.wiki.270	small	mm_prediction_random_forest
mm.domus.EM096	medium	visitbritain
mm.domus.EM041	small	domus
mm.wiki.256	medium	visitbritain
mm.wiki.502	small	mm_prediction_random_forest
mm.musa.212	small	ma(fam)
mm.domus.EM003	small	domus
mm.aim.1004	small	aim_size_designation
mm.domus.EM090	medium	visitbritain
mm.domus.EM032	medium	domus
mm.wiki.255	medium	visitbritain
mm.aim.0545	small	aim_size_designation
mm.domus.EM110	small	visitbritain
mm.wiki.262	medium	visitbritain
mm.ace.324	large	ma(fam)
mm.wiki.254	medium	mm_prediction_random_forest
mm.wiki.261	medium	mm_prediction_random_forest
mm.domus.EM046	small	domus
mm.domus.EM027	medium	domus
mm.domus.EM077	medium	domus
mm.aim.0925	small	aim_size_designation
mm.domus.EM028	large	domus
mm.musa.169	small	mm_prediction_random_forest
mm.wiki.257	medium	mm_prediction_random_forest
mm.wiki.267	small	mm_prediction_random_forest
mm.ace.1132	small	ma(fam)
mm.wiki.263	small	visitbritain
mm.wiki.260	small	visitbritain
mm.wiki.265	small	mm_prediction_random_forest
mm.aim.0269	medium	visitbritain
mm.aim.0604	small	aim_size_designation
mm.domus.EM107	medium	mm_prediction_random_forest
mm.aim.0750	small	ma(fam)
mm.ace.1216	small	aim_size_designation
mm.wiki.269	small	mm_prediction_random_forest
mm.fcm.109	small	mm_prediction_random_forest
mm.ace.1262	small	aim_size_designation
mm.ace.1275	small	ma(fam)
mm.domus.EM013	medium	domus
mm.domus.EM100	small	mm_prediction_random_forest
mm.hha.092	medium	visitbritain
mm.domus.EM029	medium	domus
mm.domus.EM088	large	visitbritain
mm.aim82M.042	small	mm_prediction_random_forest
mm.hha.091	small	mm_prediction_random_forest
mm.ace.327	large	ace_size_designation
mm.aim.0107	small	aim_size_designation
mm.domus.EM030	medium	domus
mm.domus.EM089	medium	visitbritain
mm.wiki.271	small	mm_prediction_random_forest
mm.aim.0658	small	aim_size_designation
mm.aim.0160	small	aim_size_designation
mm.domus.EM031	medium	domus
mm.wiki.266	small	mm_prediction_random_forest
mm.wiki.268	small	mm_prediction_random_forest
mm.fcm.074	small	mm_prediction_random_forest
mm.domus.SE116	medium	domus
mm.domus.SE152	small	domus
mm.aim82NM.064	small	mm_prediction_random_forest
mm.domus.SE544	large	visitbritain
mm.domus.SE114	medium	domus
mm.aim82M.023	small	mm_prediction_random_forest
mm.wiki.292	small	mm_prediction_random_forest
mm.domus.SE137	small	domus
mm.wiki.285	small	mm_prediction_random_forest
mm.domus.SE135	small	domus
mm.domus.SE538	large	visitbritain
mm.wiki.281	small	visitbritain
mm.aim.0049	small	aim_size_designation
mm.wiki.290	small	mm_prediction_random_forest
mm.domus.SE153	small	domus
mm.wiki.283	small	mm_prediction_random_forest
mm.ace.413	large	ace_size_designation
mm.wiki.282	small	mm_prediction_random_forest
mm.domus.SE494	small	domus
mm.aim82M.053	small	mm_prediction_random_forest
mm.aim82NM.061	small	mm_prediction_random_forest
mm.domus.SE495	small	domus
mm.domus.SE107	small	mm_prediction_random_forest
mm.wiki.294	small	mm_prediction_random_forest
mm.domus.SE110	small	domus
mm.misc.003	small	mm_prediction_random_forest
mm.domus.SE605	small	aim_size_designation
mm.domus.SE106	medium	visitbritain
mm.aim.0566	small	aim_size_designation
mm.fcm.160	small	mm_prediction_random_forest
mm.domus.SE112	medium	domus
mm.domus.SE111	medium	domus
mm.musa.136	small	mm_prediction_random_forest
mm.aim.0265	small	aim_size_designation
mm.aim82M.049	small	mm_prediction_random_forest
mm.domus.SE136	small	domus
mm.wiki.286	small	mm_prediction_random_forest
mm.wiki.289	small	mm_prediction_random_forest
mm.aim.1001	small	aim_size_designation
mm.hha.078	small	mm_prediction_random_forest
mm.domus.SE590	small	ma(fam)
mm.domus.SE134	small	domus
mm.aim.0158	medium	aim_size_designation
mm.ace.1209	medium	visitbritain
mm.musa.142	small	mm_prediction_random_forest
mm.fcm.235	small	mm_prediction_random_forest
mm.aim.0956	small	aim_size_designation
mm.fcm.239	small	visitbritain
mm.wiki.293	medium	mm_prediction_random_forest
mm.misc.122	small	mm_prediction_random_forest
mm.aim.1117	medium	visitbritain
mm.misc.161	small	mm_prediction_random_forest
mm.ace.713	small	ace_size_designation
mm.fcm.202	small	aim_size_designation
mm.ace.1285	small	mm
mm.domus.SE126	small	domus
mm.wiki.291	medium	mm_prediction_random_forest
mm.ace.1105	small	mm
mm.hha.077	medium	ma(fam)
mm.aim.1209	large	aim_size_designation
mm.domus.SE543	large	visitbritain
mm.musa.352	medium	ma(fam)
mm.fcm.172	small	mm_prediction_random_forest
mm.fcm.190	small	mm_prediction_random_forest
mm.domus.SE113	medium	domus
mm.domus.SE115	medium	domus
mm.fcm.175	small	mm_prediction_random_forest
mm.domus.SE596	small	mm
mm.fcm.098	small	aim_size_designation
mm.fcm.067	small	mm_prediction_random_forest
mm.domus.SE449	medium	domus
mm.domus.SE105	small	ma(fam)
mm.aim.0215	small	aim_size_designation
mm.domus.SE103	medium	ma(fam)
mm.domus.SE102	medium	visitbritain
mm.aim.0461	small	aim_size_designation
mm.fcm.137	small	visitbritain
mm.domus.SE104	medium	mm_prediction_random_forest
mm.domus.SE101	large	visitbritain
mm.domus.SE563	medium	domus
mm.domus.SE138	small	domus
mm.domus.SE154	small	domus
mm.aim.0350	small	aim_size_designation
mm.wiki.288	small	mm_prediction_random_forest
mm.musa.004	small	visitbritain
mm.domus.SE118	small	ma(fam)
mm.fcm.191	small	mm_prediction_random_forest
mm.wiki.280	small	mm_prediction_random_forest
mm.aim.1348	medium	aim_size_designation
mm.fcm.242	small	mm
mm.aim.0811	small	aim_size_designation
mm.aim.0231	small	aim_size_designation
mm.hha.095	small	mm_prediction_random_forest
mm.wiki.297	small	mm_prediction_random_forest
mm.domus.EM026	small	domus
mm.hha.097	small	mm_prediction_random_forest
mm.aim82M.033	small	mm_prediction_random_forest
mm.hha.094	small	mm_prediction_random_forest
mm.ace.1293	medium	mm
mm.domus.EM095	medium	domus
mm.musa.266	small	mm_prediction_random_forest
mm.hha.096	small	mm_prediction_random_forest
mm.musa.345	small	ma(fam)
mm.aim82NM.049	small	mm_prediction_random_forest
mm.aim.1210	small	aim_size_designation
mm.wiki.299	small	mm_prediction_random_forest
mm.ace.1280	small	ace_size_designation
mm.misc.055	small	mm_prediction_random_forest
mm.domus.EM079	small	domus
mm.hha.098	small	mm_prediction_random_forest
mm.ace.1239	small	aim_size_designation
mm.aim.0812	small	aim_size_designation
mm.aim.0173	small	visitbritain
mm.aim.1076	small	aim_size_designation
mm.domus.EM058	medium	domus
mm.domus.EM059	medium	domus
mm.domus.EM047	small	domus
mm.domus.EM084	large	domus
mm.domus.EM007	medium	domus
mm.domus.EM008	medium	domus
mm.wiki.298	small	mm_prediction_random_forest
mm.domus.EM001	large	domus
mm.wiki.295	small	mm_prediction_random_forest
mm.domus.EM099	small	domus
mm.ace.1117	medium	mm
mm.domus.EM006	medium	domus
mm.wiki.300	medium	mm_prediction_random_forest
mm.musa.389	small	visitbritain
mm.domus.EM061	medium	domus
mm.domus.EM039	small	domus
mm.domus.EM005	small	domus
mm.domus.YH052	medium	domus
mm.domus.YH075	small	domus
mm.domus.YH066	large	domus
mm.wiki.388	large	mm_prediction_random_forest
mm.aim82NM.058	small	mm_prediction_random_forest
mm.domus.YH143	small	domus
mm.domus.YH142	small	domus
mm.domus.YH032	small	domus
mm.domus.YH144	small	domus
mm.wiki.308	medium	visitbritain
mm.domus.YH104	small	ma(fam)
mm.domus.YH105	small	visitbritain
mm.hha.128	small	mm_prediction_random_forest
mm.domus.YH156	large	visitbritain
mm.ace.1147	medium	visitbritain
mm.domus.YH130	medium	domus
mm.misc.163	small	mm_prediction_random_forest
mm.domus.YH132	medium	domus
mm.domus.YH131	medium	domus
mm.hha.117	small	visitbritain
mm.Mus70Cal.023	small	mm_prediction_random_forest
mm.hha.122	small	visitbritain
mm.ace.1225	medium	visitbritain
mm.domus.YH076	small	domus
mm.domus.YH154	small	ma(fam)
mm.hha.125	small	mm_prediction_random_forest
mm.hha.123	small	mm_prediction_random_forest
mm.hha.124	small	mm_prediction_random_forest
mm.domus.YH088	medium	domus
mm.ace.1113	small	aim_size_designation
mm.domus.YH059	large	domus
mm.musa.334	small	ma(fam)
mm.domus.YH049	medium	domus
mm.hha.118	medium	visitbritain
mm.aim82M.052	small	mm_prediction_random_forest
mm.domus.YH089	small	domus
mm.domus.YH171	medium	visitbritain
mm.domus.YH065	small	domus
mm.domus.YH061	small	domus
mm.hha.126	small	mm_prediction_random_forest
mm.domus.YH080	large	domus
mm.domus.YH034	medium	domus
mm.fcm.090	small	mm_prediction_random_forest
mm.domus.YH081	medium	domus
mm.domus.YH125	small	domus
mm.wiki.304	small	visitbritain
mm.domus.YH158	large	visitbritain
mm.ace.1226	small	ma(fam)
mm.misc.008	small	mm_prediction_random_forest
mm.hha.119	small	mm_prediction_random_forest
mm.domus.YH170	small	mm_prediction_random_forest
mm.domus.YH159	medium	domus
mm.ace.1228	medium	visitbritain
mm.hha.121	large	visitbritain
mm.domus.YH084	medium	domus
mm.domus.YH086	medium	domus
mm.wiki.307	small	mm_prediction_random_forest
mm.misc.027	small	mm_prediction_random_forest
mm.fcm.179	small	mm_prediction_random_forest
mm.misc.026	small	mm_prediction_random_forest
mm.misc.035	small	mm_prediction_random_forest
mm.aim.0336	small	visitbritain
mm.domus.YH091	medium	domus
mm.ace.1276	medium	ace_size_designation
mm.domus.YH047	medium	visitbritain
mm.aim.0167	small	aim_size_designation
mm.domus.YH085	medium	domus
mm.ace.1227	medium	mm_prediction_random_forest
mm.domus.YH087	small	domus
mm.aim82NM.007	small	mm_prediction_random_forest
mm.domus.EM022	large	visitbritain
mm.aim82M.034	small	mm_prediction_random_forest
mm.domus.EM092	small	domus
mm.domus.EM009	small	domus
mm.aim.0664	small	aim_size_designation
mm.domus.EM015	medium	domus
mm.Mus70Cal.030	large	mm_prediction_random_forest
mm.musa.265	small	mm_prediction_random_forest
mm.ace.266	small	aim_size_designation
mm.domus.EM025	small	domus
mm.domus.EM011	small	domus
mm.musa.208	small	mm_prediction_random_forest
mm.hha.101	small	mm_prediction_random_forest
mm.musa.069	small	ma(fam)
mm.domus.EM042	medium	domus
mm.domus.EM055	large	domus
mm.aim.0678	medium	aim_size_designation
mm.domus.EM054	medium	domus
mm.domus.EM024	small	domus
mm.domus.EM053	small	domus
mm.wiki.407	small	mm_prediction_random_forest
mm.fcm.262	small	mm_prediction_random_forest
mm.domus.EM043	medium	domus
mm.ace.1268	medium	visitbritain
mm.domus.EM103	small	visitbritain
mm.aim.1138	medium	mm
mm.musa.270	small	mm_prediction_random_forest
mm.hha.102	small	mm_prediction_random_forest
mm.domus.EM097	small	visitbritain
mm.domus.EM044	small	domus
mm.domus.EM056	small	domus
mm.ace.1096	small	visitbritain
mm.wiki.311	small	mm_prediction_random_forest
mm.domus.SE181	large	domus
mm.wiki.315	small	mm_prediction_random_forest
mm.hha.018	medium	visitbritain
mm.domus.SE198	small	domus
mm.musa.356	small	ma(fam)
mm.domus.SE388	large	visitbritain
mm.domus.SE180	large	domus
mm.domus.SE389	small	domus
mm.domus.SE393	large	visitbritain
mm.domus.SE162	small	domus
mm.domus.SE394	large	domus
mm.domus.SE392	large	domus
mm.aim.1203	medium	aim_size_designation
mm.domus.SE390	medium	domus
mm.musa.277	small	mm_prediction_random_forest
mm.domus.SE439	small	domus
mm.domus.SE395	small	domus
mm.wiki.312	large	mm_prediction_random_forest
mm.wiki.309	small	mm_prediction_random_forest
mm.aim.0353	small	aim_size_designation
mm.musa.371	small	mm_prediction_random_forest
mm.domus.SE486	medium	domus
mm.aim.0038	small	aim_size_designation
mm.domus.SE142	medium	domus
mm.ace.1210	small	visitbritain
mm.ace.1273	medium	ace_size_designation
mm.domus.SE527	large	visitbritain
mm.domus.SE259	large	domus
mm.wiki.313	large	mm_prediction_random_forest
mm.hha.016	large	mm_prediction_random_forest
mm.misc.168	large	mm_prediction_random_forest
mm.misc.169	large	mm_prediction_random_forest
mm.domus.SE577	small	ma(fam)
mm.domus.SE182	medium	domus
mm.domus.SE525	medium	visitbritain
mm.wiki.314	small	mm_prediction_random_forest
mm.domus.SE170	medium	domus
mm.domus.SE117	small	domus
mm.hha.019	large	mm_prediction_random_forest
mm.wiki.310	small	mm_prediction_random_forest
mm.aim82NM.088	small	mm_prediction_random_forest
mm.domus.SE366	small	domus
mm.musa.084	small	visitbritain
mm.musa.081	small	mm_prediction_random_forest
mm.domus.SE526	medium	domus
mm.domus.SE179	medium	domus
mm.musa.240	small	mm_prediction_random_forest
mm.domus.SE560	small	visitbritain
mm.aim.0222	small	aim_size_designation
mm.domus.SE352	small	domus
mm.domus.SE503	small	domus
mm.domus.SE161	medium	domus
mm.aim.0898	medium	ma(fam)
mm.hha.017	large	visitbritain
mm.domus.SE183	medium	domus
mm.aim.1338	large	aim_size_designation
mm.musa.132	medium	visitbritain
mm.domus.SW246	small	ma(fam)
mm.wiki.337	medium	mm_prediction_random_forest
mm.aim.1153	medium	aim_size_designation
mm.aim.0881	small	visitbritain
mm.wiki.327	medium	mm_prediction_random_forest
mm.domus.SW123	medium	domus
mm.aim.0300	medium	visitbritain
mm.domus.SW115	small	domus
mm.domus.SW064	large	domus
mm.aim82M.035	large	mm_prediction_random_forest
mm.aim82M.016	small	mm_prediction_random_forest
mm.domus.SW228	small	aim_size_designation
mm.domus.SW209	small	visitbritain
mm.domus.SW001	small	domus
mm.wiki.326	large	ma(fam)
mm.domus.SW187	small	domus
mm.musa.314	small	ma(fam)
mm.musa.281	small	mm_prediction_random_forest
mm.domus.SW222	medium	domus
mm.domus.SW118	large	visitbritain
mm.wiki.335	large	mm_prediction_random_forest
mm.musa.178	small	ma(fam)
mm.aim82NM.099	small	mm_prediction_random_forest
mm.misc.050	small	mm_prediction_random_forest
mm.domus.SW217	medium	visitbritain
mm.domus.SW077	small	domus
mm.musa.076	small	ma(fam)
mm.domus.SW033	small	domus
mm.domus.SW020	small	domus
mm.domus.SW229	small	ace_size_designation
mm.aim.0422	large	visitbritain
mm.fcm.161	small	mm_prediction_random_forest
mm.domus.SW219	large	visitbritain
mm.aim82NM.023	small	mm_prediction_random_forest
mm.wiki.334	small	ma(fam)
mm.domus.SW016	small	mm_prediction_random_forest
mm.hha.062	small	mm_prediction_random_forest
mm.aim.1305	large	visitbritain
mm.wiki.332	small	visitbritain
mm.domus.SW122	medium	domus
mm.domus.SW190	small	domus
mm.domus.SW124	small	domus
mm.musa.306	small	mm_prediction_random_forest
mm.wiki.333	small	mm_prediction_random_forest
mm.wiki.324	small	mm_prediction_random_forest
mm.fcm.013	small	mm_prediction_random_forest
mm.domus.SW206	small	domus
mm.wiki.329	small	mm_prediction_random_forest
mm.aim82NM.127	large	mm_prediction_random_forest
mm.misc.083	small	mm_prediction_random_forest
mm.domus.SW146	medium	domus
mm.domus.SW210	large	visitbritain
mm.domus.SW164	small	domus
mm.domus.SW002	small	domus
mm.wiki.336	small	mm_prediction_random_forest
mm.wiki.331	small	mm_prediction_random_forest
mm.domus.WM056	medium	domus
mm.ace.1243	small	ma(fam)
mm.domus.SC237	small	domus
mm.ace.1288	small	mm
mm.MDN.030	small	mm_prediction_random_forest
mm.aim.1136	small	aim_size_designation
mm.aim82NM.078	small	mm_prediction_random_forest
mm.MDN.028	small	mm_prediction_random_forest
mm.ace.1145	medium	visitbritain
mm.domus.WM078	medium	visitbritain
mm.misc.062	small	mm_prediction_random_forest
mm.domus.WM008	small	domus
mm.ace.390	small	domus
mm.MDN.035	small	mm_prediction_random_forest
mm.domus.WM117	small	domus
mm.ace.1229	small	aim_size_designation
mm.wiki.341	small	mm_prediction_random_forest
mm.hha.111	small	visitbritain
mm.MDN.026	medium	mm_prediction_random_forest
mm.ace.1241	small	mm_prediction_random_forest
mm.domus.WM086	large	domus
mm.MDN.031	small	mm_prediction_random_forest
mm.domus.WM118	medium	domus
mm.domus.WM137	medium	visitbritain
mm.ace.1263	large	visitbritain
mm.hha.109	small	visitbritain
mm.domus.WM100	large	ma(fam)
mm.domus.WM103	medium	ma(fam)_year_stated
mm.domus.WM101	large	ace_size_designation
mm.MDN.033	medium	mm_prediction_random_forest
mm.domus.WM106	small	ma(fam)
mm.MDN.034	small	mm_prediction_random_forest
mm.domus.WM104	medium	ma(fam)
mm.aim.0616	small	aim_size_designation
mm.domus.WM089	small	domus
mm.domus.WM136	large	visitbritain
mm.aim.0593	small	aim_size_designation
mm.domus.WM045	medium	domus
mm.hha.084	medium	mm_prediction_random_forest
mm.domus.WM002	small	domus
mm.hha.110	medium	mm_prediction_random_forest
mm.wiki.343	small	mm_prediction_random_forest
mm.domus.WM053	medium	domus
mm.MDN.032	small	mm_prediction_random_forest
mm.domus.WM107	small	visitbritain
mm.aim.0018	small	aim_size_designation
mm.domus.WM024	medium	domus
mm.domus.SE281	medium	domus
mm.hha.082	small	mm_prediction_random_forest
mm.misc.119	small	mm_prediction_random_forest
mm.misc.036	small	mm_prediction_random_forest
mm.domus.SE546	medium	mm
mm.ace.1161	small	visitbritain
mm.misc.118	large	mm_prediction_random_forest
mm.wiki.352	small	mm_prediction_random_forest
mm.domus.SE354	small	domus
mm.domus.SE328	small	domus
mm.domus.SE056	small	domus
mm.domus.SE341	medium	domus
mm.domus.SE305	large	domus
mm.wiki.345	small	mm_prediction_random_forest
mm.domus.SE304	large	domus
mm.domus.SE167	small	domus
mm.aim.0651	small	aim_size_designation
mm.ace.1249	small	ma(fam)
mm.aim.1111	small	ma(fam)
mm.aim.0067	small	visitbritain
mm.domus.SE002	medium	domus
mm.misc.128	small	mm_prediction_random_forest
mm.domus.SE317	small	domus
mm.domus.SE410	small	domus
mm.ace.1251	medium	ma(fam)
mm.ace.1252	small	mm
mm.wiki.350	small	mm_prediction_random_forest
mm.domus.SE446	large	domus
mm.domus.SE175	small	domus
mm.aim.1042	small	mm_prediction_random_forest
mm.domus.SE427	medium	domus
mm.domus.SE294	small	domus
mm.domus.SE545	large	visitbritain
mm.hha.080	small	mm_prediction_random_forest
mm.Mus70Cal.003	large	mm_prediction_random_forest
mm.aim82NM.117	small	mm_prediction_random_forest
mm.hha.081	small	mm_prediction_random_forest
mm.wiki.354	small	mm_prediction_random_forest
mm.domus.SE493	small	domus
mm.domus.SE331	medium	domus
mm.ace.1217	small	aim_size_designation
mm.aim82NM.046	small	mm_prediction_random_forest
mm.wiki.504	small	ma(fam)
mm.wiki.348	small	visitbritain
mm.wiki.351	small	mm_prediction_random_forest
mm.aim.0141	small	aim_size_designation
mm.ace.1143	small	aim_size_designation
mm.domus.SE407	small	domus
mm.misc.129	small	mm_prediction_random_forest
mm.domus.SE595	small	aim_size_designation
mm.wiki.353	small	mm_prediction_random_forest
mm.misc.126	large	national_trust_annual_report_
mm.domus.SE172	small	domus
mm.aim.1205	small	aim_size_designation
mm.domus.SE256	medium	domus
mm.wiki.505	small	mm_prediction_random_forest
mm.domus.SE318	medium	domus
mm.domus.SE418	small	domus
mm.domus.SE593	medium	visitbritain
mm.hha.083	medium	visitbritain
mm.domus.SE430	small	domus
mm.domus.SE424	medium	domus
mm.domus.SE591	medium	visitbritain
mm.domus.SE301	small	domus
mm.domus.SE440	small	domus
mm.musa.294	small	mm_prediction_random_forest
mm.misc.123	small	mm_prediction_random_forest
mm.domus.SE576	small	domus
mm.wiki.347	small	mm_prediction_random_forest
mm.wiki.355	small	mm_prediction_random_forest
mm.fcm.001	small	mm_prediction_random_forest
mm.aim82NM.113	small	mm_prediction_random_forest
mm.domus.SE205	large	visitbritain
mm.musa.241	small	mm_prediction_random_forest
mm.domus.SE488	small	domus
mm.domus.SE268	medium	domus
mm.domus.SE209	medium	domus
mm.musa.370	small	ma(fam)
mm.domus.SE119	medium	domus
mm.ace.1163	small	mm
mm.domus.SE133	small	domus
mm.musa.222	small	ma(fam)
mm.hha.020	small	mm_prediction_random_forest
mm.domus.SE604	medium	visitbritain
mm.aim.0877	small	aim_size_designation
mm.musa.153	small	mm_prediction_random_forest
mm.domus.SE553	medium	visitbritain
mm.domus.SE091	medium	domus
mm.domus.SE284	large	domus
mm.wiki.359	small	mm_prediction_random_forest
mm.domus.SE290	medium	domus
mm.aim.1131	small	aim_size_designation
mm.domus.SE554	large	visitbritain
mm.wiki.360	small	mm_prediction_random_forest
mm.domus.SE159	medium	domus
mm.domus.SE258	small	domus
mm.domus.SE323	small	visitbritain
mm.musa.225	small	ma(fam)
mm.domus.SE547	large	visitbritain
mm.wiki.357	small	mm_prediction_random_forest
mm.wiki.358	small	mm_prediction_random_forest
mm.aim.0338	small	aim_size_designation
mm.aim.0245	small	aim_size_designation
mm.domus.SE269	small	domus
mm.domus.SE235	medium	domus
mm.aim.1022	small	aim_size_designation
mm.domus.SE422	small	domus
mm.aim.0952	small	aim_size_designation
mm.domus.SE353	small	domus
mm.domus.SE361	small	domus
mm.domus.SE150	small	domus
mm.wiki.356	small	mm_prediction_random_forest
mm.hha.021	medium	mm_prediction_random_forest
mm.domus.SE463	small	domus
mm.aim82NM.124	small	mm_prediction_random_forest
mm.aim82NM.048	small	mm_prediction_random_forest
mm.Mus70Cal.010	small	mm_prediction_random_forest
mm.domus.SE300	medium	domus
mm.domus.SE555	medium	mm_prediction_random_forest
mm.domus.SW032	medium	domus
mm.domus.SE282	medium	babbidge_ewles_&_smith._2006.
mm.domus.SE272	medium	domus
mm.domus.SE085	medium	domus
mm.ace.1198	large	visitbritain
mm.aim.1080	small	aim_size_designation
mm.MDN.023	small	mm_prediction_random_forest
mm.wiki.362	small	mm_prediction_random_forest
mm.wiki.367	small	mm_prediction_random_forest
mm.aim.0993	small	aim_size_designation
mm.hha.112	small	mm_prediction_random_forest
mm.domus.WM080	medium	domus
mm.musa.372	small	mm_prediction_random_forest
mm.domus.WM146	large	ace_size_designation
mm.domus.WM076	small	aim_size_designation
mm.domus.WM020	medium	domus
mm.aim.0589	small	aim_size_designation
mm.musa.296	small	mm_prediction_random_forest
mm.domus.WM120	medium	domus
mm.misc.158	small	mm_prediction_random_forest
mm.domus.WM032	large	domus
mm.domus.WM131	medium	visitbritain
mm.domus.WM019	medium	mm_prediction_random_forest
mm.domus.WM031	large	domus
mm.aim.0191	small	aim_size_designation
mm.domus.WM077	medium	domus
mm.domus.WM030	large	domus
mm.ace.1092	large	visitbritain
mm.domus.WM029	large	domus
mm.musa.374	small	visitbritain
mm.wiki.363	small	mm_prediction_random_forest
mm.ace.1090	large	visitbritain
mm.wiki.366	small	mm_prediction_random_forest
mm.aim82M.043	small	mm_prediction_random_forest
mm.domus.WM123	medium	domus
mm.domus.WM033	large	domus
mm.fcm.155	small	mm_prediction_random_forest
mm.domus.WM005	medium	domus
mm.wiki.365	small	mm_prediction_random_forest
mm.wiki.364	small	visitbritain
mm.misc.106	small	mm_prediction_random_forest
mm.domus.WM059	medium	domus
mm.domus.WM017	medium	domus
mm.domus.WM098	medium	domus
mm.aim82NM.005	small	mm_prediction_random_forest
mm.domus.WM018	medium	domus
mm.ace.1086	large	visitbritain
mm.domus.WM052	medium	domus
mm.domus.WM134	large	visitbritain
mm.domus.WM040	medium	domus
mm.domus.WM016	large	domus
mm.domus.WM085	small	domus
mm.domus.SE425	small	domus
mm.aim.1197	small	ma(fam)
mm.wiki.375	small	mm_prediction_random_forest
mm.domus.SE174	small	domus
mm.aim.0105	medium	ma(fam)
mm.domus.SE326	small	domus
mm.domus.SE432	small	domus
mm.domus.SE143	medium	domus
mm.domus.SE099	large	domus
mm.musa.047	small	mm_prediction_random_forest
mm.domus.SE236	medium	domus
mm.domus.SE559	large	visitbritain
mm.aim.1025	small	visitbritain
mm.domus.SE405	large	domus
mm.musa.083	small	ma(fam)
mm.hha.028	small	visitbritain
mm.domus.SE557	large	visitbritain
mm.musa.303	small	mm_prediction_random_forest
mm.ace.1270	medium	aim_size_designation
mm.domus.SE565	medium	domus
mm.hha.024	small	mm_prediction_random_forest
mm.musa.282	small	ma(fam)
mm.aim82NM.102	small	mm_prediction_random_forest
mm.aim.0447	medium	ma(fam)
mm.musa.156	small	mm_prediction_random_forest
mm.domus.SE454	small	domus
mm.domus.SE455	small	domus
mm.domus.SE308	large	domus
mm.domus.SE357	small	domus
mm.domus.SE415	large	domus
mm.aim.1202	small	aim_size_designation
mm.aim.0200	small	aim_size_designation
mm.aim82M.048	small	mm_prediction_random_forest
mm.hha.027	medium	mm_prediction_random_forest
mm.domus.SE293	small	domus
mm.aim82M.020	small	mm_prediction_random_forest
mm.hha.026	medium	mm_prediction_random_forest
mm.domus.SE556	large	domus
mm.aim.0926	small	aim_size_designation
mm.wiki.376	small	mm_prediction_random_forest
mm.domus.SE139	small	domus
mm.domus.SE242	small	domus
mm.fcm.274	medium	mm_prediction_random_forest
mm.domus.SE558	large	visitbritain
mm.aim.1005	small	aim_size_designation
mm.domus.SE032	small	domus
mm.aim82NM.100	small	mm_prediction_random_forest
mm.domus.SE411	large	domus
mm.misc.040	small	mm_prediction_random_forest
mm.domus.WM046	small	domus
mm.domus.WM119	small	domus
mm.ace.1166	small	ace_size_designation
mm.domus.WM001	medium	domus
mm.misc.069	small	mm_prediction_random_forest
mm.hha.116	small	mm_prediction_random_forest
mm.domus.WM009	small	domus
mm.domus.WM057	small	domus
mm.domus.WM079	small	visitbritain
mm.domus.WM003	medium	domus
mm.domus.WM004	small	domus
mm.domus.WM011	medium	domus
mm.domus.WM012	medium	domus
mm.domus.WM073	medium	domus
mm.ace.1283	small	aim_size_designation
mm.ace.1207	small	aim_size_designation
mm.domus.WM142	medium	ace_size_designation
mm.domus.WM010	large	visitbritain
mm.domus.WM007	medium	domus
mm.ace.1088	medium	ace_size_designation
mm.aim.0382	small	aim_size_designation
mm.wiki.402	small	mm_prediction_random_forest
mm.domus.WM027	medium	domus
mm.wiki.405	small	mm_prediction_random_forest
mm.domus.WM055	medium	domus
mm.domus.WM025	small	visitbritain
mm.ace.1087	large	visitbritain
mm.musa.304	large	ma(fam)
mm.domus.WM039	medium	domus
mm.domus.WM028	medium	domus
mm.wiki.404	small	mm_prediction_random_forest
mm.Mus70Cal.012	small	mm_prediction_random_forest
mm.aim.0172	small	visitbritain
mm.hha.115	medium	visitbritain
mm.wiki.209	small	visitbritain
mm.domus.SE365	medium	domus
mm.aim.0931	small	ma(fam)
mm.hha.075	small	mm_prediction_random_forest
mm.domus.SE364	large	domus
mm.wiki.210	small	mm_prediction_random_forest
mm.misc.124	small	mm_prediction_random_forest
mm.domus.SE034	medium	domus
mm.domus.SE051	small	domus
mm.wiki.208	large	visitbritain
mm.domus.SE519	medium	visitbritain
mm.misc.120	small	mm_prediction_random_forest
mm.domus.SE100	small	mm_prediction_random_forest
mm.domus.SE189	small	domus
mm.aim82M.031	medium	mm_prediction_random_forest
mm.aim82M.065	small	mm_prediction_random_forest
mm.domus.SE435	small	domus
mm.wiki.500	small	mm_prediction_random_forest
mm.wiki.207	small	mm_prediction_random_forest
mm.misc.127	small	mm_prediction_random_forest
mm.domus.SE011	small	domus
mm.ace.504	medium	mm
mm.aim82NM.059	small	mm_prediction_random_forest
mm.domus.SE291	medium	domus
mm.domus.SE358	medium	domus
mm.hha.076	small	mm_prediction_random_forest
mm.hud.019	small	mm_prediction_random_forest
mm.wiki.191	small	visitbritain
mm.domus.NW016	small	domus
mm.domus.NW110	small	domus
mm.aim82NM.123	small	mm_prediction_random_forest
mm.misc.095	small	mm_prediction_random_forest
mm.domus.NW106	small	visitbritain
mm.domus.NW109	large	ma(fam)
mm.domus.NW020	large	domus
mm.wiki.187	medium	visitbritain
mm.domus.NW115	small	domus
mm.domus.NW164	medium	domus
mm.domus.NW012	small	domus
mm.wiki.188	small	mm_prediction_random_forest
mm.domus.NW034	medium	domus
mm.domus.NW113	medium	domus
mm.domus.NW114	medium	visitbritain
mm.ace.1169	medium	ace_size_designation
mm.wiki.190	small	ma(fam)
mm.Mus70Cal.020	medium	mm_prediction_random_forest
mm.domus.NW011	medium	domus
mm.domus.NW061	small	domus
mm.ace.1245	small	aim_size_designation
mm.wiki.189	small	mm_prediction_random_forest
mm.domus.NW013	medium	mm_prediction_random_forest
mm.aim.1155	small	aim_size_designation
mm.domus.NW009	medium	domus
mm.domus.NW070	large	domus
mm.domus.NW056	small	domus
mm.domus.NW071	medium	domus
mm.aim.0578	small	aim_size_designation
mm.domus.NW145	large	domus
mm.misc.200	small	mm_prediction_random_forest
mm.domus.NW144	large	domus
mm.domus.NW182	large	visitbritain
mm.domus.NW008	large	domus
mm.Mus70Cal.026	medium	mm_prediction_random_forest
mm.domus.NW064	medium	domus
mm.misc.086	medium	mm_prediction_random_forest
mm.domus.NW078	large	domus
mm.domus.NW118	medium	domus
mm.domus.NW031	small	visitbritain
mm.domus.NW131	medium	domus
mm.aim.0393	small	visitbritain
mm.domus.NW137	medium	domus
mm.domus.NW138	medium	domus
mm.aim82NM.076	medium	mm_prediction_random_forest
mm.ace.1246	large	ma(fam)
mm.domus.NW136	large	domus
mm.ace.1255	medium	ace_size_designation
mm.domus.NW192	medium	mm
mm.ace.1183	medium	visitbritain
mm.domus.NW191	medium	mm
mm.domus.NW018	medium	domus
mm.domus.NW019	medium	domus
mm.aim.0046	small	aim_size_designation
mm.domus.NW017	medium	domus
mm.domus.NW004	large	domus
mm.domus.NW189	medium	visitbritain
mm.domus.NW003	small	domus
mm.domus.NW005	medium	domus
mm.ace.1174	large	visitbritain
mm.domus.NW169	large	visitbritain
mm.misc.103	large	mm_prediction_random_forest
mm.aim.0579	large	visitbritain
mm.musa.361	small	mm_prediction_random_forest
mm.domus.NW089	large	aim_size_designation
mm.domus.NW091	large	mm_prediction_random_forest
mm.domus.NW007	small	domus
mm.domus.NW090	large	ace_size_designation
mm.domus.NW093	medium	domus
mm.domus.NW096	medium	domus
mm.ace.1231	large	visitbritain
mm.domus.NW149	small	domus
mm.domus.NW101	large	visitbritain
mm.domus.NW103	large	visitbritain
mm.domus.NW171	large	visitbritain
mm.domus.NW147	small	domus
mm.domus.NW134	small	domus
mm.domus.NW166	large	domus
mm.ace.1247	small	mm
mm.domus.NW148	medium	domus
mm.aim.1090	small	aim_size_designation
mm.domus.NW100	large	visitbritain
mm.misc.194	small	mm_prediction_random_forest
mm.musa.379	small	mm_prediction_random_forest
mm.domus.NW052	medium	domus
mm.ace.1274	large	mm_prediction_random_forest
mm.domus.NW104	large	visitbritain
mm.wiki.272	large	visitbritain
mm.domus.NW099	large	domus
mm.aim.1093	small	aim_size_designation
mm.domus.NW105	large	visitbritain
mm.wiki.275	large	mm_prediction_random_forest
mm.aim.0786	small	aim_size_designation
mm.domus.NW142	medium	domus
mm.domus.NW133	small	domus
mm.domus.NW161	small	domus
mm.ace.1094	small	visitbritain
mm.Mus70Cal.001	medium	mm_prediction_random_forest
mm.domus.NW014	medium	domus
mm.aim.0603	small	aim_size_designation
mm.domus.NW135	small	aim_size_designation
mm.aim82NM.115	small	mm_prediction_random_forest
mm.aim.0135	small	ma(fam)
mm.domus.NW015	medium	domus
mm.hha.147	small	mm_prediction_random_forest
mm.aim.1217	small	aim_size_designation
mm.ace.1220	medium	visitbritain
mm.wiki.278	small	mm_prediction_random_forest
mm.domus.NW059	medium	domus
mm.wiki.279	medium	mm_prediction_random_forest
mm.wiki.276	small	mm_prediction_random_forest
mm.wiki.273	small	mm_prediction_random_forest
mm.musa.388	small	visitbritain
mm.aim.1304	small	aim_size_designation
mm.domus.NW058	medium	domus
mm.aim.0456	small	aim_size_designation
mm.wiki.274	small	mm_prediction_random_forest
mm.domus.YH001	medium	mm_prediction_random_forest
mm.domus.YH045	medium	domus
mm.musa.130	small	mm_prediction_random_forest
mm.domus.YH043	medium	domus
mm.domus.YH057	small	domus
mm.musa.219	small	mm_prediction_random_forest
mm.domus.YH044	medium	domus
mm.musa.126	medium	mm_prediction_random_forest
mm.musa.391	large	mm_prediction_random_forest
mm.domus.YH054	large	domus
mm.domus.YH153	large	visitbritain
mm.ace.1144	medium	visitbritain
mm.domus.YH068	large	domus
mm.domus.YH053	large	domus
mm.MDN.005	medium	mm_prediction_random_forest
mm.domus.YH056	medium	domus
mm.domus.YH055	large	domus
mm.aim82NM.114	small	mm_prediction_random_forest
mm.ace.1119	small	aim_size_designation
mm.domus.YH093	medium	domus
mm.domus.YH021	medium	domus
mm.wiki.340	small	mm_prediction_random_forest
mm.domus.YH022	small	domus
mm.domus.YH023	medium	domus
mm.domus.YH108	medium	mm_prediction_random_forest
mm.domus.YH020	large	domus
mm.ace.1162	large	ace_size_designation
mm.aim.0337	small	aim_size_designation
mm.domus.NE083	medium	mm
mm.domus.YH165	large	mm_prediction_random_forest
mm.domus.YH109	small	aim_size_designation
mm.domus.YH147	small	domus
mm.domus.YH027	large	domus
mm.musa.160	small	mm_prediction_random_forest
mm.domus.YH024	medium	domus
mm.domus.YH026	large	domus
mm.domus.NE046	large	domus
mm.domus.NE044	small	domus
mm.domus.NE058	medium	domus
mm.domus.NE001	large	domus
mm.domus.NE026	large	domus
mm.domus.NE057	large	domus
mm.domus.NE056	medium	domus
mm.musa.259	small	mm_prediction_random_forest
mm.misc.088	small	mm_prediction_random_forest
mm.musa.260	medium	mm_prediction_random_forest
mm.domus.NE055	small	domus
mm.ace.1197	large	ma(fam)
mm.domus.NE028	large	domus
mm.domus.NE048	medium	domus
mm.domus.NE051	small	domus
mm.musa.325	small	mm_prediction_random_forest
mm.ace.1138	large	visitbritain
mm.domus.NE031	medium	domus
mm.wiki.361	small	mm_prediction_random_forest
mm.domus.NE005	medium	domus
mm.domus.NE030	large	domus
mm.domus.NE076	medium	domus
mm.domus.NE033	large	domus
mm.domus.NE047	small	domus
mm.domus.NE035	small	domus
mm.ace.1139	small	ma(fam)
mm.domus.NE027	medium	domus
mm.domus.NE032	large	domus
mm.domus.NE042	medium	domus
mm.Mus70Cal.029	medium	mm_prediction_random_forest
mm.domus.NE072	medium	domus
mm.aim82M.058	small	mm_prediction_random_forest
mm.domus.WM082	medium	domus
mm.domus.WM068	medium	visitbritain
mm.domus.WM132	medium	visitbritain
mm.ace.1208	medium	visitbritain
mm.ace.1125	medium	visitbritain
mm.aim.1157	small	aim_size_designation
mm.wiki.368	small	mm_prediction_random_forest
mm.aim.0036	small	aim_size_designation
mm.domus.WM065	medium	domus
mm.domus.WM063	large	domus
mm.domus.WM090	medium	domus
mm.domus.WM064	large	domus
mm.domus.WM081	small	domus
mm.domus.WM070	small	domus
mm.aim82NM.030	medium	mm_prediction_random_forest
mm.domus.WM099	medium	visitbritain
mm.ace.1104	large	visitbritain
mm.fcm.058	small	mm_prediction_random_forest
mm.MDN.024	small	mm_prediction_random_forest
mm.domus.WM122	small	domus
mm.aim.1329	large	aim_size_designation
mm.domus.WM041	medium	domus
mm.domus.WM094	medium	domus
mm.domus.WM066	medium	domus
mm.domus.WM067	small	domus
mm.domus.WM037	medium	domus
mm.domus.WM088	large	babbidge_ewles_&_smith._2006.
mm.wiki.374	small	mm_prediction_random_forest
mm.ace.436	medium	ace_size_designation
mm.ace.1179	medium	ma(fam)
mm.domus.WM058	large	domus
mm.aim.0236	small	aim_size_designation
mm.aim.1026	small	aim_size_designation
mm.domus.NW102	large	visitbritain
mm.domus.WM042	large	domus
mm.wiki.372	medium	ma(fam)
mm.domus.WM087	medium	domus
mm.domus.WM044	medium	domus
mm.aim82M.038	small	mm_prediction_random_forest
mm.domus.WM043	large	domus
mm.domus.WM143	small	aim_size_designation
mm.aim.0280	large	aim_size_designation
mm.musa.021	small	mm_prediction_random_forest
mm.domus.WM115	medium	domus
mm.domus.WM111	small	domus
mm.domus.WM112	small	domus
mm.aim.0892	small	aim_size_designation
mm.musa.141	small	mm_prediction_random_forest
mm.domus.WM113	small	domus
mm.wiki.373	medium	ma(fam)
mm.fcm.186	small	mm_prediction_random_forest
mm.musa.043	small	ma(fam)
mm.aim.0174	small	aim_size_designation
mm.wiki.371	small	mm_prediction_random_forest
mm.domus.WM050	small	domus
mm.domus.WM049	medium	domus
mm.domus.WM072	small	domus
mm.aim.0037	small	aim_size_designation
mm.domus.WM048	small	domus
mm.domus.WM051	small	domus
mm.domus.WM047	medium	domus
mm.ace.1181	large	ma(fam)
mm.domus.WM015	medium	domus
mm.fcm.276	small	mm_prediction_random_forest
mm.domus.WM013	large	domus
mm.domus.WM014	medium	domus
mm.domus.WM135	large	ma(fam)
mm.domus.YH040	medium	domus
mm.wiki.390	medium	mm_prediction_random_forest
mm.domus.YH164	small	ace_size_designation
mm.wiki.383	small	mm_prediction_random_forest
mm.domus.YH141	small	domus
mm.domus.YH101	large	mm
mm.domus.YH110	small	domus
mm.aim.0496	small	aim_size_designation
mm.domus.YH035	large	domus
mm.domus.YH038	large	domus
mm.domus.YH146	large	visitbritain
mm.domus.YH160	medium	domus
mm.domus.YH152	small	visitbritain
mm.aim.0112	small	aim_size_designation
mm.wiki.384	small	mm_prediction_random_forest
mm.domus.YH037	medium	domus
mm.domus.YH039	medium	domus
mm.aim.0466	small	aim_size_designation
mm.domus.YH051	medium	domus
mm.wiki.387	small	mm_prediction_random_forest
mm.domus.YH036	large	domus
mm.aim82NM.090	medium	mm_prediction_random_forest
mm.wiki.386	small	mm_prediction_random_forest
mm.misc.139	small	mm_prediction_random_forest
mm.domus.YH115	small	domus
mm.domus.YH113	medium	domus
mm.domus.YH151	medium	domus
mm.domus.YH116	small	domus
mm.domus.YH111	medium	domus
mm.domus.YH112	medium	domus
mm.domus.YH010	medium	visitbritain
mm.domus.YH014	large	domus
mm.domus.YH013	medium	domus
mm.wiki.379	small	mm_prediction_random_forest
mm.wiki.380	small	mm_prediction_random_forest
mm.domus.YH011	medium	domus
mm.domus.YH012	medium	domus
mm.domus.YH018	small	domus
mm.domus.YH050	small	domus
mm.domus.YH015	medium	domus
mm.wiki.381	small	mm_prediction_random_forest
mm.misc.076	small	mm_prediction_random_forest
mm.wiki.389	small	mm_prediction_random_forest
mm.aim82M.002	small	mm_prediction_random_forest
mm.aim82NM.035	small	mm_prediction_random_forest
mm.wiki.391	small	mm_prediction_random_forest
mm.wiki.385	small	visitbritain
mm.domus.YH016	medium	domus
mm.domus.YH005	large	domus
mm.domus.YH070	small	domus
mm.domus.YH090	small	domus
mm.MDN.010	small	mm_prediction_random_forest
mm.domus.YH004	medium	domus
mm.domus.YH107	medium	ma(fam)
mm.ace.1146	small	visitbritain
mm.domus.YH124	small	domus
mm.domus.YH006	medium	domus
mm.domus.YH072	large	domus
mm.misc.105	small	mm_prediction_random_forest
mm.domus.YH073	medium	domus
mm.ace.1167	small	ace_size_designation
mm.domus.YH009	large	domus
mm.domus.YH003	large	domus
mm.domus.YH008	large	domus
mm.ace.1257	large	visitbritain
mm.wiki.378	small	mm_prediction_random_forest
mm.domus.YH149	large	visitbritain
mm.domus.YH007	medium	domus
mm.domus.YH060	large	domus
mm.domus.YH123	medium	domus
mm.domus.YH117	large	domus
mm.domus.YH120	small	domus
mm.domus.YH166	small	mm_prediction_random_forest
mm.aim.0600	small	ma(fam)
mm.ace.685	large	ace_size_designation
mm.domus.YH118	small	domus
mm.domus.YH017	medium	domus
mm.domus.YH119	medium	domus
mm.wiki.382	small	mm_prediction_random_forest
mm.domus.YH157	large	visitbritain
mm.domus.YH097	large	domus
mm.domus.YH122	medium	domus
mm.domus.YH099	large	domus
mm.Mus70Cal.008	medium	mm_prediction_random_forest
mm.domus.NE045	small	mm_prediction_random_forest
mm.domus.NE029	medium	domus
mm.domus.SE233	small	mm_prediction_random_forest
mm.domus.SE053	medium	domus
mm.Mus70Cal.019	medium	mm_prediction_random_forest
mm.aim82M.008	large	mm_prediction_random_forest
mm.domus.SE048	large	domus
mm.musa.321	small	mm_prediction_random_forest
mm.domus.SE303	medium	domus
mm.ace.1211	small	visitbritain
mm.aim.0014	small	aim_size_designation
mm.domus.SE582	medium	visitbritain
mm.wiki.155	small	mm_prediction_random_forest
mm.aim.0057	large	ma(fam)
mm.domus.WA089	medium	domus
mm.misc.140	small	mm_prediction_random_forest
mm.wiki.170	small	mm_prediction_random_forest
mm.domus.SE063	medium	domus
mm.domus.SE332	medium	domus
mm.domus.SE496	small	domus
mm.domus.SE075	medium	domus
mm.domus.SE059	small	domus
mm.domus.SE511	large	visitbritain
mm.domus.SE004	small	domus
mm.ace.039	large	ace_size_designation
mm.ace.1193	small	ma(fam)
mm.domus.SE190	small	domus
mm.domus.SE191	large	babbidge_ewles_&_smith._2006.
mm.domus.SE023	medium	domus
mm.musa.099	small	ma(fam)
mm.domus.SE243	small	domus
mm.domus.SE006	small	domus
mm.domus.SE009	medium	domus
mm.domus.SE579	medium	visitbritain
mm.aim.0818	small	mm
mm.domus.SE005	small	domus
mm.domus.SE039	large	domus
mm.ace.1101	medium	visitbritain
mm.aim.0165	small	aim_size_designation
mm.aim82NM.020	small	mm_prediction_random_forest
mm.domus.SE052	small	domus
mm.domus.SE384	small	domus
mm.domus.SE073	huge	domus
mm.aim.0486	small	aim_size_designation
mm.wiki.162	small	mm_prediction_random_forest
mm.domus.SE027	medium	domus
mm.domus.SE041	medium	domus
mm.domus.SE602	medium	ace_size_designation
mm.domus.SE387	medium	domus
mm.domus.SE038	small	domus
mm.domus.SE521	small	domus
mm.domus.SE510	small	mm_prediction_random_forest
mm.domus.SE274	medium	domus
mm.domus.SE370	small	domus
mm.domus.SE524	small	domus
mm.aim.1161	small	aim_size_designation
mm.domus.SE040	medium	domus
mm.ace.1134	medium	aim_size_designation
mm.domus.SE429	small	domus
mm.domus.SE386	small	domus
mm.domus.SE062	small	domus
mm.musa.373	small	mm_prediction_random_forest
mm.domus.SE016	medium	domus
mm.domus.SE570	large	visitbritain
mm.aim.0754	small	aim_size_designation
mm.domus.SE013	large	domus
mm.musa.204	small	mm_prediction_random_forest
mm.domus.SE129	medium	domus
mm.aim.0317	small	aim_size_designation
mm.ace.045	medium	ma(fam)
mm.Mus70Cal.007	medium	mm_prediction_random_forest
mm.domus.SE286	medium	domus
mm.aim.0244	small	visitbritain
mm.domus.SE275	medium	domus
mm.ace.399	medium	ma(fam)
mm.aim.0188	small	aim_size_designation
mm.aim.0796	small	aim_size_designation
mm.wiki.186	medium	mm_prediction_random_forest
mm.domus.SE513	small	domus
mm.domus.SE088	large	domus
mm.ace.1100	large	visitbritain
mm.Mus70Cal.021	medium	mm_prediction_random_forest
mm.domus.SE474	small	visitbritain
mm.domus.SE020	small	domus
mm.ace.1149	large	ma(fam)
mm.hha.001	large	visitbritain
mm.domus.SE523	medium	visitbritain
mm.domus.SE026	medium	domus
mm.wiki.177	small	mm_prediction_random_forest
mm.misc.004	small	mm_prediction_random_forest
mm.domus.SE022	large	domus
mm.domus.SE047	large	domus
mm.domus.SE423	small	visitbritain
mm.misc.193	large	mm_prediction_random_forest
mm.aim.1091	small	aim_size_designation
mm.aim.0314	small	aim_size_designation
mm.ace.042	medium	mm
mm.wiki.182	small	mm_prediction_random_forest
mm.domus.SE338	small	domus
mm.aim82M.022	small	mm_prediction_random_forest
mm.domus.SE029	small	domus
mm.aim.0081	small	aim_size_designation
mm.domus.SE030	large	domus
mm.aim.1223	small	aim_size_designation
mm.aim.0420	small	visitbritain
mm.aim.1274	small	ma(fam)
mm.wiki.150	medium	mm_prediction_random_forest
mm.aim82NM.022	small	mm_prediction_random_forest
mm.aim.0560	small	aim_size_designation
mm.domus.SE585	medium	ma(fam)
mm.domus.SE302	medium	domus
mm.domus.SE037	small	domus
mm.domus.SE319	medium	domus
mm.wiki.167	small	mm_prediction_random_forest
mm.hha.002	small	mm_prediction_random_forest
mm.domus.SE522	large	visitbritain
mm.domus.SE082	small	domus
mm.domus.SE473	medium	visitbritain
mm.wiki.152	small	mm_prediction_random_forest
mm.domus.SE049	medium	visitbritain
mm.musa.012	large	mm_prediction_random_forest
mm.domus.SE445	small	domus
mm.domus.SE031	small	domus
mm.wiki.160	small	mm_prediction_random_forest
mm.domus.SE506	medium	domus
mm.aim.1020	small	aim_size_designation
mm.domus.SE316	small	domus
mm.musa.297	small	mm_prediction_random_forest
mm.domus.SE043	medium	domus
mm.aim.0639	medium	visitbritain
mm.domus.SE076	medium	mm_prediction_random_forest
mm.domus.SE520	small	domus
mm.domus.SE168	huge	visitbritain
mm.Mus70Cal.016	small	mm_prediction_random_forest
mm.domus.SE068	small	domus
mm.ace.1150	large	visitbritain
mm.domus.SE471	large	domus
mm.domus.SE566	huge	visitbritain
mm.domus.SE329	small	domus
mm.domus.SE573	large	mm
mm.aim.1182	medium	ma(fam)
mm.domus.SE015	large	domus
mm.wiki.180	small	mm_prediction_random_forest
mm.domus.SE507	huge	visitbritain
mm.domus.SE042	medium	domus
mm.ace.1156	medium	ace_size_designation
mm.aim.0140	small	aim_size_designation
mm.domus.SE021	medium	domus
mm.misc.166	small	mm_prediction_random_forest
mm.wiki.172	large	mm_prediction_random_forest
mm.domus.SE001	medium	domus
mm.aim.1023	small	aim_size_designation
mm.domus.SE070	large	domus
mm.domus.SE509	small	mm_prediction_random_forest
mm.wiki.183	small	mm_prediction_random_forest
mm.musa.327	small	mm_prediction_random_forest
mm.fcm.207	small	mm_prediction_random_forest
mm.domus.SE309	large	domus
mm.ace.036	small	ma(fam)
mm.wiki.173	small	visitbritain
mm.aim.0976	large	visitbritain
mm.domus.SE406	small	domus
mm.domus.SE399	small	domus
mm.domus.SE480	small	domus
mm.misc.085	medium	mm_prediction_random_forest
mm.domus.SE263	medium	domus
mm.wiki.185	small	mm_prediction_random_forest
mm.domus.SE564	small	domus
mm.musa.363	small	mm_prediction_random_forest
mm.ace.1176	huge	visitbritain
mm.domus.SE050	small	domus
mm.domus.SE472	small	visitbritain
mm.domus.SE146	medium	domus
mm.domus.SE552	large	domus
mm.aim.1101	small	aim_size_designation
mm.aim.1261	small	aim_size_designation
mm.ace.1222	large	ace_size_designation
mm.wiki.178	small	mm_prediction_random_forest
mm.wiki.168	small	mm_prediction_random_forest
mm.musa.188	small	visitbritain
mm.ace.1175	large	visitbritain
mm.ace.1292	small	mm
mm.ace.1258	small	aim_size_designation
mm.misc.141	small	mm_prediction_random_forest
mm.aim.1215	small	visitbritain
mm.domus.SE018	large	domus
mm.wiki.151	medium	mm_prediction_random_forest
mm.wiki.179	small	mm_prediction_random_forest
mm.misc.191	small	mm_prediction_random_forest
mm.wiki.157	small	mm_prediction_random_forest
mm.fcm.056	small	mm_prediction_random_forest
mm.musa.305	large	ma(fam)
mm.domus.SE060	medium	domus
mm.domus.SE044	medium	domus
mm.domus.SE014	medium	domus
mm.aim.1169	small	aim_size_designation
mm.misc.080	small	mm_prediction_random_forest
mm.wiki.161	small	mm_prediction_random_forest
mm.ace.1136	huge	visitbritain
mm.aim.1063	medium	ma(fam)
mm.aim.0467	large	visitbritain
mm.musa.157	small	mm_prediction_random_forest
mm.domus.SE601	medium	visitbritain
mm.aim.0559	small	aim_size_designation
mm.aim.0518	small	aim_size_designation
mm.aim82NM.013	small	mm_prediction_random_forest
mm.musa.299	small	mm_prediction_random_forest
mm.domus.SE054	medium	domus
mm.misc.196	large	ma(fam)
mm.ace.1192	medium	ma(fam)
mm.ace.1190	medium	ma(fam)
mm.ace.1191	small	ma(fam)
mm.musa.075	small	mm_prediction_random_forest
mm.musa.002	small	ma(fam)
mm.wiki.156	small	mm_prediction_random_forest
mm.domus.SE093	huge	domus
mm.domus.SE083	small	domus
mm.domus.SE363	small	domus
mm.ace.1155	large	visitbritain
mm.domus.SE057	medium	domus
mm.musa.340	small	mm_prediction_random_forest
mm.ace.1180	large	visitbritain
mm.ace.1254	large	ma(fam)
mm.wiki.181	small	mm_prediction_random_forest
mm.aim.1289	small	aim_size_designation
mm.domus.SE065	medium	domus
mm.domus.SE397	medium	domus
mm.fcm.149	small	mm_prediction_random_forest
mm.aim.1036	small	aim_size_designation
mm.domus.SE066	medium	domus
mm.misc.081	small	mm_prediction_random_forest
mm.musa.010	medium	visitbritain
mm.aim82M.056	large	mm_prediction_random_forest
mm.domus.SE007	small	domus
mm.ace.1177	large	ace_size_designation
mm.domus.SE008	small	domus
mm.wiki.174	small	mm_prediction_random_forest
mm.domus.SE017	huge	domus
mm.aim.0079	small	aim_size_designation
mm.musa.006	small	ma(fam2)
mm.domus.SE096	large	visitbritain
mm.domus.SE067	large	domus
mm.wiki.153	small	mm_prediction_random_forest
mm.wiki.164	small	mm_prediction_random_forest
mm.domus.SE508	medium	visitbritain
mm.domus.SE447	medium	domus
mm.aim82M.050	small	mm_prediction_random_forest
mm.ace.1129	small	ma(fam)
mm.fcm.231	small	mm_prediction_random_forest
mm.wiki.158	small	mm_prediction_random_forest
mm.domus.SE024	medium	domus
mm.fcm.257	small	mm_prediction_random_forest
mm.wiki.184	small	mm_prediction_random_forest
mm.domus.SE033	large	domus
mm.ace.1131	huge	visitbritain
mm.domus.SE383	large	visitbritain
mm.misc.199	large	mm_prediction_random_forest
mm.domus.SE444	huge	domus
mm.domus.SE125	small	domus
mm.domus.SE583	huge	visitbritain
mm.ace.1172	large	visitbritain
mm.fcm.148	large	mm_prediction_random_forest
mm.domus.SE160	small	domus
mm.ace.1135	medium	aim_size_designation
mm.misc.029	small	mm_prediction_random_forest
mm.musa.346	small	mm_prediction_random_forest
mm.domus.SE575	small	domus
mm.domus.SE484	small	domus
mm.aim.0817	small	aim_size_designation
mm.musa.116	small	mm_prediction_random_forest
mm.musa.307	large	ma(fam)
mm.aim.0596	large	ma(fam)
mm.musa.205	small	mm_prediction_random_forest
mm.misc.089	small	mm_prediction_random_forest
mm.ace.1265	small	aim_size_designation
mm.domus.SE058	medium	domus
mm.domus.SE584	small	mm_prediction_random_forest
mm.domus.SE568	medium	mm_prediction_random_forest
mm.Mus70Cal.015	medium	mm_prediction_random_forest
mm.wiki.169	small	mm_prediction_random_forest
mm.nimc.035	medium	mm_prediction_random_forest
mm.musa.285	small	mm_prediction_random_forest
mm.nimc.038	medium	mm_prediction_random_forest
mm.domus.NI022	small	domus
mm.nimc.026	medium	nilm(vn)
mm.domus.NI024	medium	nilm(vn)
mm.fcm.154	small	mm_prediction_random_forest
mm.nimc.017	small	nilm(vn)
mm.wiki.412	small	mm_prediction_random_forest
mm.domus.NI011	small	domus
mm.nimc.013	small	nilm(vn)
mm.nimc.007	small	nilm(vn)
mm.wiki.414	small	mm_prediction_random_forest
mm.wiki.417	small	mm_prediction_random_forest
mm.domus.NI018	medium	domus
mm.nimc.016	medium	nilm(vn)
mm.musa.102	small	ma(fam)
mm.misc.084	small	mm_prediction_random_forest
mm.musa.253	small	mm_prediction_random_forest
mm.MDN.014	small	mm_prediction_random_forest
mm.wiki.416	small	mm_prediction_random_forest
mm.MDN.019	medium	mm_prediction_random_forest
mm.nimc.018	small	nilm(vn)
mm.fcm.130	small	mm_prediction_random_forest
mm.fcm.214	small	mm_prediction_random_forest
mm.MDN.017	small	mm_prediction_random_forest
mm.domus.NI021	small	domus
mm.MDN.011	small	mm_prediction_random_forest
mm.MDN.013	small	mm_prediction_random_forest
mm.MDN.018	large	mm_prediction_random_forest
mm.MDN.022	small	mm_prediction_random_forest
mm.musa.268	small	domus
mm.nimc.025	small	nilm(vn)
mm.aim.0099	small	aim_size_designation
mm.domus.NI017	large	domus
mm.nimc.037	medium	mm_prediction_random_forest
mm.nimc.036	small	mm_prediction_random_forest
mm.nimc.009	small	nilm(vn)
mm.domus.NI023	small	domus
mm.domus.NI037	small	nilm(vn)
mm.wiki.411	small	mm_prediction_random_forest
mm.domus.NI025	small	nilm(vn)
mm.domus.NI038	small	nilm(vn)
mm.wiki.427	small	mm_prediction_random_forest
mm.wiki.423	small	mm_prediction_random_forest
mm.domus.NI034	small	mm_prediction_random_forest
mm.wiki.422	small	mm_prediction_random_forest
mm.domus.NI004	small	domus
mm.domus.NI005	small	domus
mm.domus.NI014	medium	domus
mm.wiki.421	small	mm_prediction_random_forest
mm.wiki.420	small	mm_prediction_random_forest
mm.wiki.419	small	mm_prediction_random_forest
mm.domus.NI010	medium	ma(fam)
mm.domus.NI003	medium	domus
mm.aim.0423	small	aim_size_designation
mm.domus.NI015	large	domus
mm.misc.165	small	mm_prediction_random_forest
mm.domus.NI029	medium	nilm(vn)
mm.wiki.426	small	mm_prediction_random_forest
mm.wiki.424	small	mm_prediction_random_forest
mm.MDN.015	small	mm_prediction_random_forest
mm.domus.NI006	medium	domus
mm.MDN.020	small	mm_prediction_random_forest
mm.musa.026	small	mm_prediction_random_forest
mm.MDN.021	small	mm_prediction_random_forest
mm.domus.NI036	small	nilm(vn)
mm.domus.NI007	small	domus
mm.domus.NI009	small	domus
mm.domus.NI030	small	nilm(vn)
mm.domus.NI032	medium	ma(fam)
mm.hha.192	small	mm_prediction_random_forest
mm.nimc.043	medium	nilm(vn)
mm.musa.015	small	mm_prediction_random_forest
mm.domus.NI035	small	nilm(vn)
mm.domus.NI020	medium	domus
mm.musa.362	small	ma(fam)
mm.fcm.131	small	mm_prediction_random_forest
mm.musa.052	small	mm_prediction_random_forest
mm.MDN.016	small	mm_prediction_random_forest
mm.hha.193	small	mm_prediction_random_forest
mm.domus.NI026	small	mm_prediction_random_forest
mm.musa.039	small	mm_prediction_random_forest
mm.musa.072	small	mm_prediction_random_forest
mm.domus.NI028	large	nilm(vn)
mm.domus.NI019	small	domus
mm.wiki.413	small	mm_prediction_random_forest
mm.domus.NI027	medium	nilm(vn)
mm.domus.NI002	medium	domus
mm.wiki.415	small	mm_prediction_random_forest
mm.domus.NI013	medium	domus
mm.domus.NI008	large	domus
mm.domus.NI016	large	domus
mm.wiki.418	small	mm_prediction_random_forest
mm.nimc.006	large	nilm(vn)
mm.misc.142	small	mm_prediction_random_forest
mm.domus.SC242	small	domus
mm.domus.SC099	small	domus
mm.domus.SC091	small	domus
mm.domus.SC302	small	domus
mm.domus.SC205	small	domus
mm.hha.179	small	mm_prediction_random_forest
mm.domus.SC048	medium	domus
mm.domus.SC056	medium	domus
mm.hha.177	small	mm_prediction_random_forest
mm.wiki.467	small	mm_prediction_random_forest
mm.musa.097	small	mm_prediction_random_forest
mm.mgs.362	small	aim_size_designation
mm.domus.SC163	small	domus
mm.aim82M.024	small	mm_prediction_random_forest
mm.aim.1258	small	ma(fam)
mm.domus.SC055	medium	domus
mm.domus.SC057	medium	domus
mm.Mus70Cal.017	small	mm_prediction_random_forest
mm.domus.SC171	small	domus
mm.misc.041	small	mm_prediction_random_forest
mm.fcm.151	small	mm_prediction_random_forest
mm.domus.SC226	medium	domus
mm.musa.349	small	ma(fam)
mm.wiki.468	small	scottish_national_audit
mm.mgs.370	small	scottish_national_audit
mm.domus.SC065	medium	domus
mm.aim.0400	large	aim_size_designation
mm.domus.SC059	small	domus
mm.domus.SC282	medium	domus
mm.Mus70Cal.018	small	mm_prediction_random_forest
mm.aim.0282	small	ma(fam)
mm.domus.SC118	medium	domus
mm.domus.SC064	medium	domus
mm.aim.0714	small	aim_size_designation
mm.misc.066	small	mm_prediction_random_forest
mm.domus.SC066	small	domus
mm.domus.SC168	medium	domus
mm.domus.SC017	small	domus
mm.domus.SE322	medium	domus
mm.domus.SC063	small	domus
mm.domus.SC054	medium	domus
mm.domus.SC305	small	domus
mm.domus.SC217	small	domus
mm.domus.SC150	small	domus
mm.domus.SC102	small	scottish_national_audit
mm.aim.0283	small	aim_size_designation
mm.mgs.381	small	mm_prediction_random_forest
mm.domus.SC271	small	domus
mm.misc.155	small	mm_prediction_random_forest
mm.domus.SC097	medium	domus
mm.domus.SC096	large	domus
mm.misc.154	small	mm_prediction_random_forest
mm.misc.153	small	mm_prediction_random_forest
mm.mgs.311	small	ma(fam)
mm.hha.180	small	mm_prediction_random_forest
mm.mgs.310	small	ma(fam)
mm.wiki.470	small	mm_prediction_random_forest
mm.hha.159	small	mm_prediction_random_forest
mm.misc.074	small	mm_prediction_random_forest
mm.hha.160	small	mm_prediction_random_forest
mm.mgs.304	small	ma(fam)
mm.domus.SC110	small	domus
mm.musa.246	small	ma(fam)
mm.misc.079	small	mm_prediction_random_forest
mm.mgs.413	small	mm_prediction_random_forest
mm.domus.SC280	medium	domus
mm.musa.247	small	ma(fam)
mm.misc.067	small	mm_prediction_random_forest
mm.domus.SC274	small	domus
mm.wiki.471	small	mm_prediction_random_forest
mm.mgs.303	small	ma(fam)
mm.musa.184	small	ma(fam)
mm.misc.184	small	mm_prediction_random_forest
mm.domus.SC251	small	domus
mm.misc.149	medium	scottish_national_audit
mm.domus.SC303	small	domus
mm.aim.0228	small	aim_size_designation
mm.domus.SC167	small	domus
mm.domus.SC252	medium	domus
mm.misc.185	small	mm_prediction_random_forest
mm.domus.SC276	small	mm_prediction_random_forest
mm.domus.SC253	small	domus
mm.domus.SC273	small	domus
mm.misc.075	small	mm_prediction_random_forest
mm.domus.SC201	small	domus
mm.aim82NM.118	small	mm_prediction_random_forest
mm.misc.190	small	mm_prediction_random_forest
mm.domus.SC275	small	mm_prediction_random_forest
mm.domus.SC269	small	domus
mm.mgs.044	small	scottish_national_audit
mm.fcm.026	small	mm_prediction_random_forest
mm.domus.SC083	medium	domus
mm.domus.SC073	medium	domus
mm.domus.SC086	small	domus
mm.domus.SC087	small	domus
mm.domus.SC042	medium	domus
mm.domus.SC255	large	domus
mm.domus.SC001	small	domus
mm.aim.0858	medium	aim_size_designation
mm.domus.SC188	medium	domus
mm.aim.1121	small	aim_size_designation
mm.domus.SC208	small	domus
mm.mgs.378	medium	ma(fam)
mm.domus.SC052	small	domus
mm.aim82NM.065	small	mm_prediction_random_forest
mm.domus.SC112	small	domus
mm.domus.SC245	small	domus
mm.domus.SC106	small	scottish_national_audit
mm.domus.SC256	small	domus
mm.mgs.315	medium	ma(fam)
mm.mgs.316	medium	mm_prediction_random_forest
mm.aim82NM.044	small	mm_prediction_random_forest
mm.Mus70Cal.027	medium	scottish_national_audit
mm.aim82M.061	small	mm_prediction_random_forest
mm.domus.SC044	medium	domus
mm.domus.SC053	small	domus
mm.domus.SC105	medium	scottish_national_audit
mm.domus.SC172	small	domus
mm.domus.SC090	medium	domus
mm.domus.SC104	small	scottish_national_audit
mm.mgs.350	small	mm_prediction_random_forest
mm.domus.SC288	small	domus
mm.domus.SC068	small	domus
mm.domus.SC051	small	domus
mm.aim.0249	small	aim_size_designation
mm.aim82NM.068	small	mm_prediction_random_forest
mm.domus.SC317	small	mm_prediction_random_forest
mm.domus.SC050	large	domus
mm.musa.100	large	ma(fam)
mm.domus.SC203	medium	domus
mm.mgs.391	small	mm_prediction_random_forest
mm.domus.SC078	small	domus
mm.domus.SC122	small	domus
mm.domus.SC075	small	domus
mm.mgs.357	small	mm_prediction_random_forest
mm.wiki.480	small	mm_prediction_random_forest
mm.domus.SC115	small	domus
mm.mgs.382	small	mm_prediction_random_forest
mm.mgs.361	small	mm_prediction_random_forest
mm.mgs.336	small	scottish_national_audit
mm.mgs.371	small	mm_prediction_random_forest
mm.domus.SC046	small	domus
mm.domus.SC227	medium	domus
mm.misc.014	small	mm_prediction_random_forest
mm.misc.048	small	mm_prediction_random_forest
mm.mgs.390	small	mm_prediction_random_forest
mm.hha.165	small	mm_prediction_random_forest
mm.domus.SC061	small	domus
mm.fcm.120	small	mm_prediction_random_forest
mm.mgs.384	small	mm_prediction_random_forest
mm.domus.SC297	small	domus
mm.domus.SC121	small	domus
mm.misc.151	small	mm_prediction_random_forest
mm.domus.SC230	medium	domus
mm.wiki.478	small	mm_prediction_random_forest
mm.aim.0443	small	scottish_national_audit
mm.fcm.059	small	mm_prediction_random_forest
mm.mgs.282	small	scottish_national_audit
mm.wiki.483	small	mm_prediction_random_forest
mm.hha.167	small	mm_prediction_random_forest
mm.mgs.006	small	mm_prediction_random_forest
mm.musa.117	small	mm_prediction_random_forest
mm.aim82NM.057	small	mm_prediction_random_forest
mm.domus.SC120	medium	domus
mm.mgs.327	small	aim_size_designation
mm.domus.SC124	small	domus
mm.wiki.477	small	mm_prediction_random_forest
mm.fcm.230	small	mm_prediction_random_forest
mm.wiki.481	small	mm_prediction_random_forest
mm.domus.SC170	small	domus
mm.misc.146	small	mm_prediction_random_forest
mm.fcm.107	small	mm_prediction_random_forest
mm.mgs.364	small	ma(fam)
mm.aim.0161	large	ma(fam)
mm.aim.0284	small	aim_size_designation
mm.domus.SC159	small	domus
mm.mgs.358	small	mm_prediction_random_forest
mm.domus.SC156	small	domus
mm.domus.SC178	large	domus
mm.misc.152	small	mm_prediction_random_forest
mm.domus.SC098	small	domus
mm.wiki.479	small	mm_prediction_random_forest
mm.domus.SC092	medium	domus
mm.domus.SC149	large	domus
mm.fcm.254	small	mm_prediction_random_forest
mm.domus.SC200	small	domus
mm.wiki.476	small	mm_prediction_random_forest
mm.domus.SC197	small	domus
mm.aim82NM.002	small	mm_prediction_random_forest
mm.aim.0227	small	aim_size_designation
mm.fcm.062	small	mm_prediction_random_forest
mm.domus.SC194	small	domus
mm.domus.SC169	medium	domus
mm.domus.SC162	medium	domus
mm.mgs.392	small	ma(fam)
mm.hha.158	small	mm_prediction_random_forest
mm.domus.SC189	medium	domus
mm.musa.101	small	mm_prediction_random_forest
mm.aim82M.015	small	mm_prediction_random_forest
mm.domus.SC089	small	domus
mm.domus.SC241	small	domus
mm.wiki.486	small	mm_prediction_random_forest
mm.wiki.484	small	mm_prediction_random_forest
mm.domus.SC240	small	domus
mm.fcm.162	small	mm_prediction_random_forest
mm.domus.SC299	small	domus
mm.misc.077	small	mm_prediction_random_forest
mm.domus.SC126	small	domus
mm.misc.049	small	mm_prediction_random_forest
mm.misc.160	small	mm_prediction_random_forest
mm.mgs.418	small	ma(fam)
mm.fcm.100	small	scottish_national_audit
mm.misc.150	medium	mm_prediction_random_forest
mm.domus.SC239	medium	domus
mm.domus.SC236	medium	domus
mm.domus.SC238	small	domus
mm.wiki.485	small	scottish_national_audit
mm.hha.163	small	mm_prediction_random_forest
mm.aim82NM.096	small	mm_prediction_random_forest
mm.mgs.398	small	scottish_national_audit
mm.domus.SC155	small	domus
mm.wiki.487	small	scottish_national_audit
mm.domus.SC263	small	domus
mm.wiki.488	small	ma(fam)
mm.mgs.284	small	scottish_national_audit
mm.hha.178	small	mm_prediction_random_forest
mm.domus.SC265	small	domus
mm.domus.SC272	small	domus
mm.domus.SC030	small	domus
mm.domus.SC094	medium	domus
mm.domus.SC264	small	domus
mm.domus.SC043	medium	domus
mm.mgs.404	small	mm_prediction_random_forest
mm.fcm.270	small	mm_prediction_random_forest
mm.aim82NM.052	small	mm_prediction_random_forest
mm.misc.164	small	scottish_national_audit
mm.domus.SC228	medium	domus
mm.domus.SC260	small	domus
mm.wiki.489	small	mm_prediction_random_forest
mm.domus.SC175	small	domus
mm.hha.168	small	mm_prediction_random_forest
mm.domus.SC081	medium	domus
mm.domus.SC082	small	domus
mm.mgs.288	medium	scottish_national_audit
mm.domus.SC080	medium	domus
mm.mgs.329	medium	scottish_national_audit
mm.domus.SC195	small	domus
mm.aim82M.030	small	mm_prediction_random_forest
mm.domus.SC014	large	domus
mm.domus.SC117	medium	domus
mm.domus.SC038	medium	domus
mm.domus.SC016	small	domus
mm.mgs.386	small	mm_prediction_random_forest
mm.hha.169	small	mm_prediction_random_forest
mm.domus.SC296	large	domus
mm.domus.SC313	small	scottish_national_audit
mm.aim.1189	small	aim_size_designation
mm.aim82NM.116	small	mm_prediction_random_forest
mm.aim.0040	small	aim_size_designation
mm.aim82NM.110	small	mm_prediction_random_forest
mm.aim82NM.032	small	mm_prediction_random_forest
mm.mgs.353	small	mm_prediction_random_forest
mm.wiki.490	small	mm_prediction_random_forest
mm.domus.SC077	small	domus
mm.musa.227	small	mm_prediction_random_forest
mm.hha.174	small	mm_prediction_random_forest
mm.hha.175	small	mm_prediction_random_forest
mm.wiki.491	small	scottish_national_audit
mm.hha.154	small	mm_prediction_random_forest
mm.domus.SC111	small	domus
mm.domus.SC268	small	domus
mm.wiki.494	small	mm_prediction_random_forest
mm.domus.SC176	medium	domus
mm.domus.SC011	small	domus
mm.domus.SC266	medium	domus
mm.domus.SC037	small	domus
mm.domus.SC199	medium	domus
mm.domus.SC036	small	domus
mm.hha.153	small	mm_prediction_random_forest
mm.hha.155	small	mm_prediction_random_forest
mm.mgs.287	medium	mm_prediction_random_forest
mm.fcm.064	small	ma(fam)
mm.hha.156	small	mm_prediction_random_forest
mm.domus.SC267	small	domus
mm.domus.SC247	small	domus
mm.domus.SC249	small	domus
mm.domus.SC148	medium	domus
mm.hha.157	small	mm_prediction_random_forest
mm.domus.SC301	small	domus
mm.aim82NM.081	small	mm_prediction_random_forest
mm.domus.SC006	small	domus
mm.domus.SC289	medium	domus
mm.fcm.279	small	mm_prediction_random_forest
mm.mgs.410	small	mm_prediction_random_forest
mm.mgs.354	small	mm_prediction_random_forest
mm.mgs.356	small	mm_prediction_random_forest
mm.aim82NM.111	small	mm_prediction_random_forest
mm.domus.SC146	small	domus
mm.domus.SC246	small	domus
mm.domus.SC147	small	domus
mm.domus.SC145	small	domus
mm.domus.SC040	small	domus
mm.wiki.497	small	mm_prediction_random_forest
mm.domus.SC039	medium	domus
mm.domus.SC298	small	domus
mm.fcm.221	small	mm_prediction_random_forest
mm.mgs.295	small	scottish_national_audit
mm.domus.SC041	small	domus
mm.domus.SC198	small	domus
mm.wiki.496	small	mm_prediction_random_forest
mm.domus.SC174	small	domus
mm.domus.SC306	small	domus
mm.mgs.296	small	scottish_national_audit
mm.aim82NM.121	small	mm_prediction_random_forest
mm.domus.SC033	small	domus
mm.fcm.030	small	mm_prediction_random_forest
mm.mgs.396	small	mm_prediction_random_forest
mm.misc.186	small	mm_prediction_random_forest
mm.wiki.495	small	mm_prediction_random_forest
mm.domus.SC152	medium	domus
mm.musa.022	small	mm_prediction_random_forest
mm.mgs.286	large	ma(fam)
mm.aim.0050	small	aim_size_designation
mm.mgs.285	medium	scottish_national_audit
mm.aim82NM.120	small	mm_prediction_random_forest
mm.domus.SC153	medium	domus
mm.domus.SC154	medium	domus
mm.wiki.498	small	mm_prediction_random_forest
mm.domus.SC007	small	domus
mm.domus.SC257	medium	domus
mm.domus.SC010	small	scottish_national_audit
mm.domus.SC258	large	domus
mm.domus.SC100	small	scottish_national_audit
mm.mgs.298	small	scottish_national_audit
mm.hha.162	small	mm_prediction_random_forest
mm.musa.258	large	ma(fam)
mm.aim82M.032	small	mm_prediction_random_forest
mm.domus.SC229	small	domus
mm.domus.SC320	small	ma(fam)
mm.domus.SC259	small	domus
mm.musa.046	small	mm_prediction_random_forest
mm.domus.SC008	small	domus
mm.domus.SC093	medium	domus
mm.domus.SC151	small	domus
mm.domus.SC009	small	domus
mm.mgs.223	small	mm_prediction_random_forest
mm.domus.SC012	small	domus
mm.domus.SC103	small	ma(fam)
mm.domus.SC192	medium	domus
mm.aim82M.012	small	mm_prediction_random_forest
mm.musa.344	small	mm_prediction_random_forest
mm.domus.SC222	small	aim_size_designation
mm.domus.SC069	large	domus
mm.aim82M.059	small	mm_prediction_random_forest
mm.aim.1071	small	aim_size_designation
mm.mgs.325	small	ma(fam)
mm.domus.SC005	large	domus
mm.domus.SC221	small	domus
mm.mgs.093	large	mm_prediction_random_forest
mm.domus.SC187	medium	domus
mm.domus.SC220	small	domus
mm.domus.SC116	small	domus
mm.mgs.333	small	mm_prediction_random_forest
mm.domus.SC004	large	domus
mm.domus.SC215	medium	domus
mm.domus.SC003	large	domus
mm.domus.SC218	small	domus
mm.domus.SC002	large	domus
mm.wiki.456	small	mm_prediction_random_forest
mm.domus.SC028	small	domus
mm.mgs.352	small	mm_prediction_random_forest
mm.wiki.457	small	mm_prediction_random_forest
mm.musa.243	small	mm_prediction_random_forest
mm.wiki.458	small	mm_prediction_random_forest
mm.mgs.380	small	mm_prediction_random_forest
mm.aim82NM.003	small	mm_prediction_random_forest
mm.mgs.278	small	scottish_national_audit
mm.mgs.307	medium	ma(fam)
mm.domus.SC026	small	domus
mm.wiki.460	small	mm_prediction_random_forest
mm.aim.1151	small	aim_size_designation
mm.musa.196	medium	mm_prediction_random_forest
mm.domus.SC024	small	domus
mm.domus.SC025	medium	domus
mm.misc.112	small	mm_prediction_random_forest
mm.mgs.321	small	mm_prediction_random_forest
mm.domus.SC311	medium	ma(fam)
mm.wiki.459	medium	mm_prediction_random_forest
mm.mgs.377	small	mm_prediction_random_forest
mm.domus.SC029	small	domus
mm.wiki.499	small	mm_prediction_random_forest
mm.mgs.294	small	ma(fam)
mm.hha.164	small	mm_prediction_random_forest
mm.domus.SC027	small	domus
mm.mgs.290	small	scottish_national_audit
mm.domus.SC119	medium	domus
mm.mgs.292	small	scottish_national_audit
mm.domus.SC185	small	domus
mm.domus.SC190	small	domus
mm.domus.SC034	small	domus
mm.mgs.125	small	mm_prediction_random_forest
mm.domus.SC045	medium	domus
mm.mgs.293	small	scottish_national_audit
mm.domus.SC173	medium	domus
mm.mgs.394	small	scottish_national_audit
mm.mgs.388	small	scottish_national_audit
mm.mgs.412	large	ma(fam)
mm.musa.180	small	ma(fam)
mm.domus.SC287	small	domus
mm.domus.SC270	small	domus
mm.hha.183	small	mm_prediction_random_forest
mm.mgs.320	small	mm_prediction_random_forest
mm.domus.SC062	medium	domus
mm.wiki.466	small	mm_prediction_random_forest
mm.aim82NM.130	small	mm_prediction_random_forest
mm.hha.181	small	mm_prediction_random_forest
mm.domus.SC261	small	domus
mm.mgs.383	small	scottish_national_audit
mm.mgs.368	small	scottish_national_audit
mm.mgs.341	small	mm_prediction_random_forest
mm.mgs.375	small	mm_prediction_random_forest
mm.aim.0471	small	aim_size_designation
mm.musa.272	small	mm_prediction_random_forest
mm.mgs.075	small	scottish_national_audit
mm.domus.SC191	small	domus
mm.wiki.464	small	mm_prediction_random_forest
mm.domus.SC049	small	domus
mm.musa.342	medium	mm_prediction_random_forest
mm.domus.SC250	small	domus
mm.domus.SC032	medium	domus
mm.aim.0292	small	ma(fam)
mm.domus.SC262	small	mm_prediction_random_forest
mm.hha.182	small	mm_prediction_random_forest
mm.mgs.332	small	mm_prediction_random_forest
mm.aim.0204	small	aim_size_designation
mm.aim.0288	small	aim_size_designation
mm.domus.SC307	small	domus
mm.domus.SC281	large	domus
mm.aim82NM.047	medium	mm_prediction_random_forest
mm.domus.SC166	small	mm_prediction_random_forest
mm.musa.255	medium	ma(fam)
mm.wiki.474	small	mm_prediction_random_forest
mm.misc.157	medium	mm_prediction_random_forest
mm.domus.SC319	medium	scottish_national_audit
mm.mgs.345	medium	mm_prediction_random_forest
mm.domus.SC294	small	mm_prediction_random_forest
mm.mgs.373	small	mm_prediction_random_forest
mm.mgs.409	small	mm_prediction_random_forest
mm.domus.SC290	medium	domus
mm.mgs.343	small	ma(fam)
mm.mgs.301	medium	aim_size_designation
mm.domus.SC293	small	mm_prediction_random_forest
mm.domus.SC137	small	domus
mm.domus.SC135	large	domus
mm.mgs.147	medium	ma(fam)
mm.domus.SC139	large	domus
mm.domus.SC284	large	domus
mm.hha.161	small	mm_prediction_random_forest
mm.domus.SC295	small	domus
mm.mgs.334	small	scottish_national_audit
mm.domus.SC183	large	domus
mm.musa.341	large	ma(fam)
mm.wiki.472	huge	scottish_national_audit
mm.domus.SC225	small	domus
mm.musa.347	large	mm_prediction_random_forest
mm.domus.SC291	medium	mm_prediction_random_forest
mm.mgs.408	medium	ma(fam)
mm.domus.SC285	large	domus
mm.domus.SC140	medium	domus
mm.mgs.366	small	mm_prediction_random_forest
mm.domus.SC177	large	domus
mm.mgs.348	large	aim_size_designation
mm.domus.SC283	large	domus
mm.domus.SC076	large	domus
mm.mgs.360	small	mm_prediction_random_forest
mm.domus.SC138	large	domus
mm.domus.SC184	medium	domus
mm.domus.SC279	large	domus
mm.domus.SC277	large	domus
mm.domus.SC231	small	domus
mm.domus.SC310	large	mm_prediction_random_forest
mm.domus.SC160	large	domus
mm.mgs.376	large	mm_prediction_random_forest
mm.misc.145	small	mm_prediction_random_forest
mm.mgs.346	small	mm_prediction_random_forest
mm.aim.1190	small	aim_size_designation
mm.mgs.289	small	ma(fam)
mm.domus.SC161	small	domus
mm.mgs.302	medium	scottish_national_audit
mm.domus.SC079	small	domus
mm.domus.SC095	small	domus
mm.mgs.337	small	mm_prediction_random_forest
mm.mgs.411	medium	ma(fam)
mm.mgs.374	small	ma(fam)
mm.mgs.308	medium	scottish_national_audit
mm.domus.SC072	small	domus
mm.domus.SC158	small	domus
mm.domus.SC309	small	mm_prediction_random_forest
mm.mgs.367	small	mm_prediction_random_forest
mm.musa.175	medium	mm_prediction_random_forest
mm.domus.SC013	large	domus
mm.domus.SC308	large	scottish_national_audit
mm.aim.0619	small	aim_size_designation
mm.domus.SC023	small	domus
mm.domus.SC018	medium	domus
mm.domus.SC020	medium	domus
mm.domus.SC021	small	domus
mm.domus.SC019	small	domus
mm.mgs.279	small	ma(fam)
mm.domus.SC022	medium	domus
mm.musa.008	small	ma(fam)_year_stated
mm.wiki.462	small	mm_prediction_random_forest
mm.domus.SC164	small	domus
mm.domus.SC125	small	domus
mm.hha.173	small	mm_prediction_random_forest
mm.domus.SC114	small	domus
mm.domus.SC047	medium	domus
mm.musa.032	small	mm_prediction_random_forest
mm.wiki.461	small	mm_prediction_random_forest
mm.hha.171	small	mm_prediction_random_forest
mm.mgs.372	small	mm_prediction_random_forest
mm.domus.SC232	large	domus
mm.domus.SC182	medium	domus
mm.aim.0287	small	aim_size_designation
mm.domus.SC300	small	aim_size_designation
mm.domus.SC235	medium	domus
mm.domus.SC223	medium	mm_prediction_random_forest
mm.domus.SC234	medium	domus
mm.domus.SC113	small	domus
mm.domus.SC233	medium	domus
mm.domus.SC181	large	domus
mm.Mus70Cal.006	large	mm_prediction_random_forest
mm.mgs.369	medium	mm_prediction_random_forest
mm.domus.SC144	small	domus
mm.domus.SC314	medium	ma(fam)
mm.Mus70Cal.002	small	mm_prediction_random_forest
mm.domus.SC142	large	domus
mm.domus.SC202	small	domus
mm.domus.SC141	medium	domus
mm.domus.SC315	medium	scottish_national_audit
mm.domus.SC196	large	domus
mm.domus.SC316	small	scottish_national_audit
mm.domus.SC143	small	domus
mm.domus.SC070	small	domus
mm.domus.SC157	medium	domus
mm.domus.SC071	medium	domus
mm.mgs.313	small	aim_size_designation
mm.aim.0373	small	aim_size_designation
mm.domus.SC186	medium	domus
mm.mgs.389	small	mm_prediction_random_forest
mm.wiki.475	small	mm_prediction_random_forest
mm.domus.SC244	large	domus
mm.musa.339	medium	ma(fam)
mm.domus.SC074	large	domus
mm.mgs.314	small	mm_prediction_random_forest
mm.domus.SC133	large	domus
mm.domus.SC243	large	domus
mm.domus.SC134	large	domus
mm.mgs.323	small	aim_size_designation
mm.domus.SC193	medium	domus
mm.mgs.281	large	ma(fam)
mm.mgs.415	medium	ma(fam)
mm.domus.SC031	huge	domus
mm.domus.SC224	medium	domus
mm.domus.SC123	small	domus
mm.mgs.406	small	mm_prediction_random_forest
mm.mgs.299	medium	scottish_national_audit
mm.domus.SC129	large	domus
mm.domus.SC180	small	domus
mm.domus.SC318	medium	ma(fam)
mm.mgs.400	large	mm_prediction_random_forest
mm.Mus70Cal.009	medium	mm_prediction_random_forest
mm.domus.SC130	large	domus
mm.domus.WA055	medium	domus
mm.aim82NM.083	small	mm_prediction_random_forest
mm.wiki.455	small	mm_prediction_random_forest
mm.aim.0599	small	aim_size_designation
mm.domus.WA011	small	domus
mm.mald.081	small	ma(fam)
mm.aim82M.071	small	mm_prediction_random_forest
mm.domus.WA093	large	domus
mm.wiki.430	small	mm_prediction_random_forest
mm.domus.WA038	small	domus
mm.mald.163	small	mm_prediction_random_forest
mm.wiki.431	small	mm_prediction_random_forest
mm.domus.WA007	medium	domus
mm.wiki.428	medium	ma(fam)
mm.wiki.429	small	mm_prediction_random_forest
mm.mald.007	small	mm_prediction_random_forest
mm.domus.WA091	medium	domus
mm.domus.WA048	small	domus
mm.domus.WA088	small	domus
mm.domus.WA077	large	domus
mm.domus.WA017	small	domus
mm.domus.WA009	small	domus
mm.mald.066	small	mm_prediction_random_forest
mm.aim.0060	small	ma(fam)
mm.mald.024	small	ma(fam)
mm.domus.WA050	small	domus
mm.mald.116	medium	mm_prediction_random_forest
mm.wiki.441	small	mm_prediction_random_forest
mm.misc.042	small	mm_prediction_random_forest
mm.mald.038	small	ma(fam)
mm.domus.WA010	small	mm_prediction_random_forest
mm.mald.157	small	mm_prediction_random_forest
mm.domus.WA075	large	domus
mm.domus.WA102	medium	mm_prediction_random_forest
mm.aim82NM.001	small	mm_prediction_random_forest
mm.aim82NM.012	small	mm_prediction_random_forest
mm.mald.079	small	mm_prediction_random_forest
mm.domus.WA074	medium	domus
mm.domus.WA095	medium	domus
mm.domus.WA076	small	domus
mm.mald.162	medium	mm_prediction_random_forest
mm.domus.WA082	large	domus
mm.aim.0720	large	aim_size_designation
mm.domus.WA006	small	domus
mm.wiki.439	small	mm_prediction_random_forest
mm.domus.WA072	small	domus
mm.mald.013	small	mm_prediction_random_forest
mm.domus.WA097	medium	mm_prediction_random_forest
mm.aim.0557	small	aim_size_designation
mm.wiki.438	small	mm_prediction_random_forest
mm.domus.WA094	medium	domus
mm.musa.149	small	mm_prediction_random_forest
mm.musa.292	medium	ma(fam)
mm.aim82NM.043	small	mm_prediction_random_forest
mm.mald.037	small	mm_prediction_random_forest
mm.domus.WA098	medium	mm_prediction_random_forest
mm.domus.WA099	small	domus
mm.aim.0742	small	aim_size_designation
mm.domus.WA096	medium	domus
mm.hha.185	small	mm_prediction_random_forest
mm.aim.0304	small	aim_size_designation
mm.mald.072	small	ma(fam)
mm.mald.135	medium	ma(fam)
mm.musa.319	small	mm_prediction_random_forest
mm.mald.130	small	mm_prediction_random_forest
mm.domus.WA012	large	domus
mm.aim82NM.029	small	mm_prediction_random_forest
mm.mald.042	small	mm_prediction_random_forest
mm.aim.0159	small	aim_size_designation
mm.domus.WA015	medium	domus
mm.aim.0556	small	aim_size_designation
mm.domus.WA056	medium	domus
mm.aim82M.009	small	mm_prediction_random_forest
mm.mald.058	small	mm_prediction_random_forest
mm.wiki.440	medium	mm_prediction_random_forest
mm.domus.WA014	medium	domus
mm.mald.020	medium	ma(fam)
mm.aim82M.019	small	mm_prediction_random_forest
mm.misc.197	small	mm_prediction_random_forest
mm.hha.186	small	mm_prediction_random_forest
mm.mald.086	small	ma(fam)
mm.domus.WA070	medium	domus
mm.aim.1142	small	aim_size_designation
mm.domus.WA042	medium	domus
mm.domus.WA078	large	domus
mm.aim82M.014	small	mm_prediction_random_forest
mm.aim.0723	small	aim_size_designation
mm.aim82NM.042	small	mm_prediction_random_forest
mm.domus.WA045	small	domus
mm.domus.WA092	large	domus
mm.mald.053	small	mm_prediction_random_forest
mm.domus.WA044	small	domus
mm.domus.WA013	medium	domus
mm.musa.337	medium	ma(fam)
mm.wiki.437	small	mm_prediction_random_forest
mm.mald.155	small	mm_prediction_random_forest
mm.mald.151	medium	mm_prediction_random_forest
mm.misc.133	small	mm_prediction_random_forest
mm.hud.002	small	mm_prediction_random_forest
mm.mald.080	small	aim_size_designation
mm.wiki.436	small	mm_prediction_random_forest
mm.hud.001	small	mm_prediction_random_forest
mm.hud.006	small	mm_prediction_random_forest
mm.misc.132	large	mm_prediction_random_forest
mm.aim.0470	small	ma(fam)
mm.domus.WA005	medium	domus
mm.domus.WA066	large	domus
mm.mald.071	large	mm_prediction_random_forest
mm.misc.093	small	mm_prediction_random_forest
mm.mald.027	small	mm_prediction_random_forest
mm.domus.WA065	large	domus
mm.mald.019	medium	mm_prediction_random_forest
mm.mald.158	small	mm_prediction_random_forest
mm.mald.110	large	mm_prediction_random_forest
mm.misc.100	small	mm_prediction_random_forest
mm.mald.152	large	mm_prediction_random_forest
mm.mald.068	medium	mm_prediction_random_forest
mm.aim.0738	small	aim_size_designation
mm.domus.WA024	medium	domus
mm.domus.WA069	small	domus
mm.domus.WA025	small	domus
mm.mald.028	small	mm_prediction_random_forest
mm.domus.WA103	small	aim_size_designation
mm.hha.191	small	mm_prediction_random_forest
mm.fcm.258	small	mm_prediction_random_forest
mm.misc.138	small	mm_prediction_random_forest
mm.hha.190	small	mm_prediction_random_forest
mm.domus.WA049	small	domus
mm.mald.033	small	mm_prediction_random_forest
mm.domus.WA064	medium	domus
mm.wiki.447	small	mm_prediction_random_forest
mm.aim.0663	small	aim_size_designation
mm.domus.WA090	medium	domus
mm.mald.148	small	mm_prediction_random_forest
mm.mald.089	medium	ma(fam)
mm.musa.158	medium	ma(fam)
mm.mald.111	small	ma(fam)
mm.mald.095	small	ma(fam)
mm.hha.184	small	mm_prediction_random_forest
mm.wiki.434	small	mm_prediction_random_forest
mm.wiki.435	medium	ma(fam)
mm.mald.030	medium	mm_prediction_random_forest
mm.domus.WA083	small	domus
mm.aim.0555	small	aim_size_designation
mm.misc.130	small	mm_prediction_random_forest
mm.aim82NM.082	small	mm_prediction_random_forest
mm.mald.159	small	mm_prediction_random_forest
mm.misc.061	small	mm_prediction_random_forest
mm.domus.WA022	small	domus
mm.aim82NM.018	small	mm_prediction_random_forest
mm.mald.043	large	national_trust_annual_report_
mm.aim82M.018	small	mm_prediction_random_forest
mm.misc.016	small	mm_prediction_random_forest
mm.misc.017	small	mm_prediction_random_forest
mm.domus.WA035	large	domus
mm.musa.118	medium	mm_prediction_random_forest
mm.domus.WA034	medium	domus
mm.domus.WA033	large	domus
mm.mald.055	large	ma(fam)
mm.domus.WA100	medium	ma(fam)
mm.domus.WA063	medium	domus
mm.aim.0052	small	aim_size_designation
mm.wiki.446	small	mm_prediction_random_forest
mm.domus.WA051	medium	domus
mm.mald.082	small	mm_prediction_random_forest
mm.domus.WA028	medium	domus
mm.MDN.025	small	mm_prediction_random_forest
mm.domus.WA041	small	domus
mm.domus.WA071	small	domus
mm.domus.WA029	small	domus
mm.aim.1281	small	aim_size_designation
mm.hha.187	small	mm_prediction_random_forest
mm.mald.052	small	mm_prediction_random_forest
mm.musa.360	small	mm_prediction_random_forest
mm.domus.WA085	large	domus
mm.aim.0340	large	ma(fam)
mm.domus.WA059	medium	domus
mm.mald.090	small	aim_size_designation
mm.domus.WA087	large	domus
mm.wiki.432	small	mm_prediction_random_forest
mm.domus.WA026	large	domus
mm.mald.026	large	aim_size_designation
mm.mald.154	medium	mm_prediction_random_forest
mm.domus.WA079	small	domus
mm.domus.WA057	medium	domus
mm.domus.WA030	medium	domus
mm.aim.1186	small	aim_size_designation
mm.domus.WA062	medium	domus
mm.mald.160	medium	mm_prediction_random_forest
mm.mald.069	large	ma(fam)
mm.mald.132	small	mm_prediction_random_forest
mm.mald.001	small	mm_prediction_random_forest
mm.aim.0302	small	aim_size_designation
mm.mald.015	small	mm_prediction_random_forest
mm.aim.0006	small	aim_size_designation
mm.aim.0147	small	aim_size_designation
mm.mald.149	small	aim_size_designation
mm.mald.014	small	mm_prediction_random_forest
mm.domus.WA016	large	domus
mm.wiki.452	small	mm_prediction_random_forest
mm.domus.WA046	small	domus
mm.wiki.454	small	mm_prediction_random_forest
mm.domus.WA047	medium	domus
mm.domus.WA002	medium	domus
mm.domus.WA003	medium	domus
mm.wiki.444	small	mm_prediction_random_forest
mm.domus.WA037	small	domus
mm.aim.0005	medium	ma(fam)
mm.hha.188	small	mm_prediction_random_forest
mm.domus.WA004	medium	domus
mm.domus.WA027	small	domus
mm.hha.189	small	mm_prediction_random_forest
mm.domus.WA086	large	domus
mm.domus.WA053	large	domus
mm.domus.WA052	medium	domus
mm.wiki.451	small	mm_prediction_random_forest
mm.domus.WA021	small	domus
mm.mald.062	small	mm_prediction_random_forest
mm.domus.WA073	small	domus
mm.domus.WA084	medium	domus
mm.aim82M.064	small	mm_prediction_random_forest
mm.aim.0430	small	aim_size_designation
mm.domus.WA060	medium	domus
mm.mald.124	large	ma(fam)
mm.domus.WA061	small	domus
mm.aim82NM.125	small	mm_prediction_random_forest
mm.domus.WA018	medium	domus
mm.musa.376	small	mm_prediction_random_forest
mm.domus.WA081	small	domus
mm.domus.WA101	small	mm_prediction_random_forest
mm.domus.WA054	small	domus
mm.domus.WA020	medium	domus
mm.domus.WA019	small	domus
mm.wiki.448	small	mm_prediction_random_forest
mm.musa.367	small	ma(fam)
mm.wiki.449	large	mm_prediction_random_forest
mm.misc.131	small	mm_prediction_random_forest
mm.musa.276	large	mm_prediction_random_forest
mm.domus.WM147	medium	ma(fam)
mm.aim.0797	small	aim_size_designation
mm.aim.0679	small	ma(fam)
mm.domus.WA039	small	domus
mm.domus.WA031	medium	domus
mm.domus.WA040	small	domus
